31  -0.359016  -0.339596  -0.378435
32  -0.36025  -0.333264  -0.387236
33  -0.361768  -0.329269  -0.394267
34  -0.363556  -0.326633  -0.400479
35  -0.365604  -0.324964  -0.406245
36  -0.367903  -0.32405  -0.411755
37  -0.370445  -0.323765  -0.417124
38  -0.373224  -0.324023  -0.422424
39  -0.376236  -0.324766  -0.427705
40  -0.379478  -0.325952  -0.433003
41  -0.382948  -0.327551  -0.438345
42  -0.386645  -0.32954  -0.44375
43  -0.390568  -0.331903  -0.449234
44  -0.394719  -0.334629  -0.454809
45  -0.399096  -0.337708  -0.460484
46  -0.403701  -0.341136  -0.466265
47  -0.408533  -0.344912  -0.472154
48  -0.413591  -0.349036  -0.478147
49  -0.418876  -0.353519  -0.484233
50  -0.424383  -0.358372  -0.490394
51  -0.43011  -0.363619  -0.4966
52  -0.436047  -0.369289  -0.502806
53  -0.442186  -0.375419  -0.508954
54  -0.448511  -0.38205  -0.514972
55  -0.454999  -0.389226  -0.520773
56  -0.461623  -0.396984  -0.526262
57  -0.468344  -0.405346  -0.531342
58  -0.475115  -0.414306  -0.535923
59  -0.481876  -0.423818  -0.539935
60  -0.488559  -0.433783  -0.543335
