0  -0.247978
1  -0.248535
2  -0.249363
3  -0.250226
4  -0.251293
5  -0.25246
6  -0.253882
7  -0.255678
8  -0.257514
9  -0.259588
10  -0.262067
11  -0.264675
12  -0.267517
13  -0.270715
14  -0.274109
15  -0.277467
16  -0.281393
17  -0.285246
18  -0.289526
19  -0.293964
20  -0.298593
21  -0.303303
22  -0.308276
23  -0.313431
24  -0.318678
25  -0.32407
26  -0.329549
27  -0.335069
28  -0.340759
29  -0.346429
30  -0.3523
31  -0.35808
32  -0.363989
33  -0.369849
34  -0.375841
35  -0.381786
36  -0.387697
37  -0.393766
38  -0.399744
39  -0.405642
40  -0.411658
41  -0.417526
42  -0.423324
43  -0.429042
44  -0.434712
45  -0.44024
46  -0.445663
47  -0.450911
48  -0.456083
49  -0.461072
50  -0.465929
51  -0.470734
52  -0.475524
53  -0.480252
54  -0.484914
55  -0.4895
56  -0.494031
57  -0.498402
58  -0.502881
59  -0.507247
60  -0.511411
61  -0.515844
62  -0.519998
63  -0.524138
64  -0.527922
65  -0.53175
66  -0.535466
67  -0.538955
68  -0.542406
69  -0.545726
70  -0.548826
71  -0.551855
72  -0.554766
73  -0.557548
74  -0.560268
75  -0.562783
76  -0.565126
77  -0.567497
78  -0.569586
79  -0.571636
80  -0.573478
81  -0.575183
82  -0.576756
83  -0.578155
84  -0.579348
85  -0.580469
86  -0.581409
87  -0.582285
88  -0.583065
89  -0.583812
90  -0.584552
91  -0.585269
92  -0.585901
93  -0.586412
94  -0.586847
95  -0.587191
96  -0.587511
97  -0.58779
98  -0.588
99  -0.58817
100  -0.588287
101  -0.588406
102  -0.588576
103  -0.588691
104  -0.588794
105  -0.588905
106  -0.588954
107  -0.588971
108  -0.589106
109  -0.589056
110  -0.588857
111  -0.588724
112  -0.588653
113  -0.588408
114  -0.588215
115  -0.588048
116  -0.587836
117  -0.587531
118  -0.587179
119  -0.586791
120  -0.586357
121  -0.585852
122  -0.5853
123  -0.584661
