45	
45	
0.314631	0.305996	0.281753	0.243227	0.2005	0.159792	0.123309	0.0937531	0.0659229	0.0472248	0.0329967	0.0226728	0.0148339	0.00910092	0.00540569	0.0030346	0.00164594	0.000855283	0.000424889	0.000202473	9.21226e-05	3.40729e-05	1.42378e-05	0.25825	0.218158	0.180246	0.140173	0.105498	0.00555256	0.00317538	5.69975e-06	2.19756e-06	0.290156	0.0144329	0.00894208	0.00175496	0.000934037	0.000473076	6.63845e-07	0.227502	0.0227282	1.9002e-07	6.37979e-08	1.63507e-08	5.05295e-09	
0.305996	0.314631	0.306135	0.280176	0.243942	0.204505	0.165541	0.131349	0.0966932	0.0718849	0.0519549	0.0367371	0.024754	0.0156895	0.00960993	0.00558225	0.00312719	0.0016781	0.000861982	0.000425278	0.000200934	7.78922e-05	3.37565e-05	0.289919	0.258648	0.223371	0.182695	0.144082	0.0100617	0.00595494	1.40962e-05	5.64713e-06	0.307132	0.0245761	0.0157815	0.00340273	0.00186655	0.000976565	1.78891e-06	0.262819	0.0374837	5.36932e-07	1.87484e-07	5.03894e-08	1.61553e-08	
0.281753	0.306135	0.314631	0.305075	0.280423	0.24725	0.209942	0.173893	0.134114	0.103544	0.07748	0.056444	0.0392131	0.0257017	0.0162509	0.00977645	0.00566204	0.00314071	0.00166959	0.000853529	0.000419042	0.000170363	7.66258e-05	0.308141	0.290202	0.262022	0.225355	0.186244	0.0173124	0.010613	3.33891e-05	1.39069e-05	0.308008	0.0396533	0.0264113	0.00627556	0.00355189	0.00192146	4.62267e-06	0.287796	0.058485	1.45575e-06	5.28938e-07	1.49174e-07	4.96514e-08	
0.243227	0.280176	0.305075	0.314631	0.306287	0.284597	0.253839	0.219533	0.177209	0.141908	0.109718	0.0820968	0.0586364	0.0396492	0.0258113	0.0160509	0.00958864	0.00548538	0.00301174	0.00159268	0.000811666	0.000345803	0.000161214	0.308346	0.307474	0.290404	0.263173	0.228181	0.0281626	0.0178491	7.33051e-05	3.17165e-05	0.28963	0.0608	0.0419419	0.0109001	0.0063476	0.0035425	1.1055e-05	0.295767	0.0870905	3.65027e-06	1.37921e-06	4.07883e-07	1.40771e-07	
0.2005	0.243942	0.280423	0.306287	0.314631	0.307276	0.287278	0.259133	0.218876	0.181825	0.145373	0.11192	0.0823114	0.0574845	0.0385814	0.0248183	0.015309	0.00904178	0.00513157	0.00280867	0.00148576	0.000663062	0.000320473	0.292762	0.308023	0.303901	0.289415	0.262761	0.0428784	0.0281156	0.000151919	6.82673e-05	0.259561	0.0870254	0.0621986	0.0177465	0.0106493	0.00613765	2.49385e-05	0.288934	0.120747	8.62952e-06	3.38943e-06	1.05058e-06	3.76011e-07	
0.159792	0.204505	0.24725	0.284597	0.307276	0.314631	0.307807	0.289528	0.256235	0.221185	0.183352	0.14582	0.110842	0.0801989	0.0556854	0.0371477	0.0237308	0.0145139	0.00853718	0.00484697	0.00266515	0.00124727	0.000626057	0.267357	0.295684	0.304554	0.304024	0.288639	0.0625096	0.0425095	0.00030941	0.000144576	0.224889	0.118472	0.0879016	0.0278064	0.0172577	0.0103022	5.54053e-05	0.272612	0.158339	2.01104e-05	8.21866e-06	2.6725e-06	9.93536e-07	
0.123309	0.165541	0.209942	0.253839	0.287278	0.307807	0.314631	0.30839	0.285976	0.256588	0.22071	0.181611	0.142883	0.107223	0.0771171	0.0533911	0.0353584	0.0224168	0.0136772	0.00805979	0.00460733	0.00226083	0.00117892	0.235336	0.272872	0.293142	0.306147	0.303533	0.0870535	0.0614431	0.00060709	0.000294979	0.188442	0.153695	0.118438	0.0416852	0.0267947	0.0165845	0.000118566	0.248325	0.197414	4.5133e-05	1.91898e-05	6.54511e-06	2.52813e-06	
0.0937531	0.131349	0.173893	0.219533	0.259133	0.289528	0.30839	0.314631	0.305809	0.28543	0.255226	0.217988	0.178039	0.138886	0.103745	0.0746704	0.0513752	0.0338378	0.0214544	0.0131407	0.00781357	0.00402043	0.00217989	0.202461	0.244944	0.274032	0.298355	0.308199	0.116771	0.0856796	0.00116861	0.000590635	0.155291	0.191067	0.153095	0.0603981	0.0403256	0.0259343	0.000248975	0.22183	0.234755	9.93811e-05	4.39644e-05	1.57266e-05	6.31634e-06	
0.0659229	0.0966932	0.134114	0.177209	0.218876	0.256235	0.285976	0.305809	0.314631	0.308206	0.289305	0.25931	0.222232	0.182077	0.142746	0.107847	0.0778671	0.0538199	0.0358073	0.0230089	0.0143532	0.00781946	0.00444764	0.163767	0.207465	0.243306	0.277469	0.300385	0.158668	0.122195	0.00250016	0.00132537	0.120066	0.235645	0.198121	0.0903745	0.0633532	0.0427635	0.000591539	0.188417	0.273104	0.00024996	0.000115985	4.39316e-05	1.85073e-05	
0.0472248	0.0718849	0.103544	0.141908	0.181825	0.221185	0.256588	0.28543	0.308206	0.314631	0.307942	0.287867	0.257248	0.219896	0.179775	0.141609	0.106591	0.0768065	0.0532643	0.0356638	0.0231746	0.013252	0.00785226	0.131739	0.173244	0.211344	0.250371	0.281813	0.197128	0.158265	0.00459374	0.002536	0.0931596	0.26919	0.235842	0.12199	0.0892141	0.0627885	0.001188	0.158164	0.296427	0.000526818	0.000254554	0.000101205	4.44083e-05	
0.0329967	0.0519549	0.07748	0.109718	0.145373	0.183352	0.22071	0.255226	0.289305	0.307942	0.314631	0.307388	0.286982	0.256319	0.218899	0.17997	0.141424	0.106392	0.0769971	0.0537687	0.0364087	0.0218543	0.0134979	0.102839	0.13996	0.177435	0.217869	0.254595	0.235498	0.197314	0.00821363	0.00472309	0.0704223	0.294713	0.26926	0.158694	0.121301	0.089138	0.00232217	0.12912	0.30742	0.00108062	0.000543753	0.000226909	0.000103761	
0.0226728	0.0367371	0.056444	0.0820968	0.11192	0.14582	0.181611	0.217988	0.25931	0.287867	0.307388	0.314631	0.307565	0.287484	0.25696	0.220734	0.181353	0.142654	0.107865	0.0786211	0.0554758	0.0349351	0.0224979	0.0782556	0.109688	0.144235	0.18289	0.221304	0.26916	0.235584	0.0142216	0.00851636	0.0522126	0.307555	0.293184	0.19793	0.15847	0.121768	0.00439164	0.103019	0.302786	0.00214307	0.00112249	0.000491325	0.000234184	
0.0148339	0.024754	0.0392131	0.0586364	0.0823114	0.110842	0.142883	0.178039	0.222232	0.257248	0.286982	0.307565	0.314631	0.307637	0.287646	0.258085	0.221601	0.182185	0.143876	0.109426	0.080447	0.0531449	0.0356782	0.0567665	0.0820073	0.111874	0.146568	0.183707	0.293784	0.268523	0.0234305	0.0146102	0.0368669	0.306804	0.305082	0.23559	0.197463	0.158592	0.00790151	0.0783045	0.285313	0.00404322	0.00220425	0.00101195	0.00050266	
0.00910092	0.0156895	0.0257017	0.0396492	0.0574845	0.0801989	0.107223	0.138886	0.182077	0.219896	0.256319	0.287484	0.307637	0.314631	0.307668	0.288379	0.258767	0.222335	0.183404	0.145595	0.111596	0.0774189	0.0542093	0.0388518	0.058019	0.0822405	0.111591	0.145153	0.307457	0.293525	0.0370322	0.0240631	0.0244736	0.293575	0.304643	0.268952	0.23591	0.198033	0.0136638	0.0561256	0.25813	0.00733982	0.00416855	0.00200946	0.0010408	
0.00540569	0.00960993	0.0162509	0.0258113	0.0385814	0.0556854	0.0771171	0.103745	0.142746	0.179775	0.218899	0.25696	0.287646	0.307668	0.314631	0.30799	0.288766	0.259262	0.223335	0.184991	0.147751	0.107558	0.0785156	0.0256461	0.0395205	0.0581489	0.0815995	0.110022	0.307084	0.306123	0.0557463	0.0377253	0.0157015	0.268139	0.29025	0.292872	0.268838	0.235832	0.0224732	0.0388035	0.222853	0.0126626	0.00748699	0.00378656	0.00204406	
0.0030346	0.00558225	0.00977645	0.0160509	0.0248183	0.0371477	0.0533911	0.0746704	0.107847	0.141609	0.17997	0.220734	0.258085	0.288379	0.30799	0.314631	0.307909	0.288564	0.259368	0.224036	0.186448	0.142468	0.108394	0.0160928	0.0256729	0.0392584	0.0571138	0.0799598	0.295113	0.306971	0.0800531	0.0564261	0.0095369	0.236254	0.266659	0.306387	0.293885	0.269129	0.0352779	0.025457	0.18607	0.0208584	0.0128429	0.0068174	0.00383484	
0.00164594	0.00312719	0.00566204	0.00958864	0.015309	0.0237308	0.0353584	0.0513752	0.0778671	0.106591	0.141424	0.181353	0.221601	0.258767	0.288766	0.307909	0.314631	0.307894	0.288823	0.260187	0.22559	0.180871	0.14342	0.00972403	0.0160313	0.0254582	0.0383445	0.0556842	0.270964	0.294148	0.110114	0.0808229	0.00559014	0.198699	0.233854	0.306359	0.307236	0.293812	0.0530114	0.0160935	0.148143	0.0328769	0.0210736	0.0117364	0.00687874	
0.000855283	0.0016781	0.00314071	0.00548538	0.00904178	0.0145139	0.0224168	0.0338378	0.0538199	0.0768065	0.106392	0.142654	0.182185	0.222335	0.259262	0.288564	0.307894	0.314631	0.30804	0.289419	0.261433	0.219935	0.181759	0.00562784	0.00958711	0.0158098	0.0246506	0.0371301	0.238189	0.269859	0.14507	0.110881	0.00313901	0.159972	0.196326	0.293298	0.307551	0.30715	0.0762959	0.00974561	0.112894	0.049632	0.0331187	0.0193512	0.0118176	
0.000424889	0.000861982	0.00166959	0.00301174	0.00513157	0.00853718	0.0136772	0.0214544	0.0358073	0.0532643	0.0769971	0.107865	0.143876	0.183404	0.223335	0.259368	0.288823	0.30804	0.314631	0.308209	0.290018	0.256004	0.220455	0.00312009	0.00549849	0.00941952	0.015217	0.0237873	0.201303	0.237935	0.182957	0.14561	0.00168591	0.123976	0.158615	0.269747	0.295549	0.30809	0.105113	0.00564871	0.0829075	0.0717259	0.0498253	0.0305448	0.0194328	
0.000202473	0.000425278	0.000853529	0.00159268	0.00280867	0.00484697	0.00805979	0.0131407	0.0230089	0.0356638	0.0537687	0.0786211	0.109426	0.145595	0.184991	0.224036	0.260187	0.289419	0.308209	0.314631	0.308331	0.285539	0.25613	0.00166244	0.00303444	0.00540196	0.00904952	0.014689	0.163976	0.20209	0.221052	0.183155	0.000868823	0.0927561	0.123662	0.238838	0.273181	0.297036	0.138697	0.00314335	0.0588626	0.0992661	0.0717771	0.0461617	0.0305858	
9.21226e-05	0.000200934	0.000419042	0.000811666	0.00148576	0.00266515	0.00460733	0.00781357	0.0143532	0.0231746	0.0364087	0.0554758	0.080447	0.111596	0.147751	0.186448	0.22559	0.261433	0.290018	0.308331	0.314631	0.305729	0.285564	0.00084987	0.00161122	0.00298365	0.00519401	0.00876675	0.1294	0.166157	0.256458	0.221211	0.000428055	0.0674029	0.0935951	0.204534	0.243866	0.276289	0.175766	0.00167539	0.0406884	0.131974	0.0993425	0.0670404	0.0462477	
3.40729e-05	7.78922e-05	0.000170363	0.000345803	0.000663062	0.00124727	0.00226083	0.00402043	0.00781946	0.013252	0.0218543	0.0349351	0.0531449	0.0774189	0.107558	0.142468	0.180871	0.219935	0.256004	0.285539	0.305729	0.314631	0.308318	0.00036235	0.000720075	0.00139849	0.00255214	0.0045173	0.0931532	0.125544	0.290458	0.262832	0.000174225	0.0440577	0.0641974	0.162129	0.202912	0.241257	0.221183	0.000749837	0.0250997	0.175865	0.138887	0.0992744	0.0718418	
1.42378e-05	3.37565e-05	7.66258e-05	0.000161214	0.000320473	0.000626057	0.00117892	0.00217989	0.00444764	0.00785226	0.0134979	0.0224979	0.0356782	0.0542093	0.0785156	0.108394	0.14342	0.181759	0.220455	0.25613	0.285564	0.308318	0.314631	0.000169759	0.000349974	0.000706703	0.00133896	0.00246285	0.0670604	0.0941876	0.308339	0.290449	7.87828e-05	0.0291794	0.0442905	0.126728	0.16542	0.205009	0.25642	0.000366492	0.0157988	0.213858	0.175802	0.131836	0.0993376	
0.25825	0.289919	0.308141	0.308346	0.292762	0.267357	0.235336	0.202461	0.163767	0.131739	0.102839	0.0782556	0.0567665	0.0388518	0.0256461	0.0160928	0.00972403	0.00562784	0.00312009	0.00166244	0.00084987	0.00036235	0.000169759	0.314631	0.306315	0.287159	0.255723	0.219205	0.0267938	0.01713	7.68766e-05	3.33271e-05	0.304916	0.0563085	0.0390834	0.0105622	0.00624465	0.00352499	1.16159e-05	0.307147	0.0787181	3.83505e-06	1.44998e-06	4.28817e-07	1.48632e-07	
0.218158	0.258648	0.290202	0.307474	0.308023	0.295684	0.272872	0.244944	0.207465	0.173244	0.13996	0.109688	0.0820073	0.058019	0.0395205	0.0256729	0.0160313	0.00958711	0.00549849	0.00303444	0.00161122	0.000720075	0.000349974	0.306315	0.314631	0.308221	0.288469	0.258995	0.0420048	0.0278048	0.000165301	7.44711e-05	0.280274	0.0828405	0.0596153	0.0177341	0.0108144	0.00630951	2.72214e-05	0.307977	0.112035	9.42448e-06	3.7062e-06	1.14952e-06	4.13463e-07	
0.180246	0.223371	0.262022	0.290404	0.303901	0.304554	0.293142	0.274032	0.243306	0.211344	0.177435	0.144235	0.111874	0.0822405	0.0581489	0.0392584	0.0254582	0.0158098	0.00941952	0.00540196	0.00298365	0.00139849	0.000706703	0.287159	0.308221	0.314631	0.30734	0.287732	0.0617671	0.0424929	0.000347638	0.000162926	0.251204	0.113016	0.0845546	0.0281516	0.0178203	0.0107986	6.24722e-05	0.299565	0.146362	2.26858e-05	9.28363e-06	3.02065e-06	1.12967e-06	
0.140173	0.182695	0.225355	0.263173	0.289415	0.304024	0.306147	0.298355	0.277469	0.250371	0.217869	0.18289	0.146568	0.111591	0.0815995	0.0571138	0.0383445	0.0246506	0.015217	0.00904952	0.00519401	0.00255214	0.00133896	0.255723	0.288469	0.30734	0.314631	0.307948	0.087568	0.06246	0.000686511	0.000334463	0.212272	0.149717	0.116249	0.0428693	0.028057	0.0176046	0.000134493	0.275523	0.186848	5.12129e-05	2.18003e-05	7.43901e-06	2.88893e-06	
0.105498	0.144082	0.186244	0.228181	0.262761	0.288639	0.303533	0.308199	0.300385	0.281813	0.254595	0.221304	0.183707	0.145153	0.110022	0.0799598	0.0556842	0.0371301	0.0237873	0.014689	0.00876675	0.0045173	0.00246285	0.219205	0.258995	0.287732	0.307948	0.314631	0.118502	0.0877676	0.0013156	0.000666614	0.173441	0.188481	0.152051	0.0625101	0.0424037	0.0276024	0.000281179	0.244622	0.225797	0.000112297	4.9739e-05	1.78042e-05	7.18588e-06	
0.00555256	0.0100617	0.0173124	0.0281626	0.0428784	0.0625096	0.0870535	0.116771	0.158668	0.197128	0.235498	0.26916	0.293784	0.307457	0.307084	0.295113	0.270964	0.238189	0.201303	0.163976	0.1294	0.0931532	0.0670604	0.0267938	0.0420048	0.0617671	0.087568	0.118502	0.314631	0.308032	0.0474105	0.0317409	0.015997	0.287746	0.306744	0.289158	0.258877	0.222389	0.0187141	0.039436	0.248048	0.0104373	0.00611368	0.00306006	0.00163014	
0.00317538	0.00595494	0.010613	0.0178491	0.0281156	0.0425095	0.0614431	0.0856796	0.122195	0.158265	0.197314	0.235584	0.268523	0.293525	0.306123	0.306971	0.294148	0.269859	0.237935	0.20209	0.166157	0.125544	0.0941876	0.01713	0.0278048	0.0424929	0.06246	0.0877676	0.308032	0.314631	0.0692632	0.0482948	0.00989765	0.258368	0.287158	0.308086	0.288166	0.258384	0.0298817	0.0263543	0.211117	0.017487	0.0106659	0.00560287	0.00310989	
5.69975e-06	1.40962e-05	3.33891e-05	7.33051e-05	0.000151919	0.00030941	0.00060709	0.00116861	0.00250016	0.00459374	0.00821363	0.0142216	0.0234305	0.0370322	0.0557463	0.0800531	0.110114	0.14507	0.182957	0.221052	0.256458	0.290458	0.308339	7.68766e-05	0.000165301	0.000347638	0.000686511	0.0013156	0.0474105	0.0692632	0.314631	0.308397	3.41962e-05	0.019092	0.0301466	0.0968887	0.131464	0.169399	0.285641	0.000172476	0.0098773	0.249898	0.213807	0.168221	0.131854	
2.19756e-06	5.64713e-06	1.39069e-05	3.17165e-05	6.82673e-05	0.000144576	0.000294979	0.000590635	0.00132537	0.002536	0.00472309	0.00851636	0.0146102	0.0240631	0.0377253	0.0564261	0.0808229	0.110881	0.14561	0.183155	0.221211	0.262832	0.290449	3.33271e-05	7.44711e-05	0.000162926	0.000334463	0.000666614	0.0317409	0.0482948	0.308397	0.314631	1.42762e-05	0.0117826	0.0193718	0.0703356	0.0994249	0.133428	0.305715	7.79051e-05	0.00580368	0.280547	0.249836	0.206227	0.168252	
0.290156	0.307132	0.308008	0.28963	0.259561	0.224889	0.188442	0.155291	0.120066	0.0931596	0.0704223	0.0522126	0.0368669	0.0244736	0.0157015	0.0095369	0.00559014	0.00313901	0.00168591	0.000868823	0.000428055	0.000174225	7.87828e-05	0.304916	0.280274	0.251204	0.212272	0.173441	0.015997	0.00989765	3.41962e-05	1.42762e-05	0.314631	0.0356195	0.0238825	0.00591254	0.00339993	0.00186148	4.74698e-06	0.290061	0.0512204	1.49527e-06	5.43836e-07	1.53433e-07	5.13104e-08	
0.0144329	0.0245761	0.0396533	0.0608	0.0870254	0.118472	0.153695	0.191067	0.235645	0.26919	0.294713	0.307555	0.306804	0.293575	0.268139	0.236254	0.198699	0.159972	0.123976	0.0927561	0.0674029	0.0440577	0.0291794	0.0563085	0.0828405	0.113016	0.149717	0.188481	0.287746	0.258368	0.019092	0.0117826	0.0356195	0.314631	0.308217	0.222475	0.181891	0.14309	0.00631043	0.0755631	0.303478	0.00319807	0.00172803	0.000785574	0.000385224	
0.00894208	0.0157815	0.0264113	0.0419419	0.0621986	0.0879016	0.118438	0.153095	0.198121	0.235842	0.26926	0.293184	0.305082	0.304643	0.29025	0.266659	0.233854	0.196326	0.158615	0.123662	0.0935951	0.0641974	0.0442905	0.0390834	0.0596153	0.0845546	0.116249	0.152051	0.306744	0.287158	0.0301466	0.0193718	0.0238825	0.308217	0.314631	0.257734	0.219909	0.180415	0.0108862	0.0547553	0.282277	0.005788	0.00325598	0.00155322	0.000793273	
0.00175496	0.00340273	0.00627556	0.0109001	0.0177465	0.0278064	0.0416852	0.0603981	0.0903745	0.12199	0.158694	0.19793	0.23559	0.268952	0.292872	0.306387	0.306359	0.293298	0.269747	0.238838	0.204534	0.162129	0.126728	0.0105622	0.0177341	0.0281516	0.0428693	0.0625101	0.289158	0.308086	0.0968887	0.0703356	0.00591254	0.222475	0.257734	0.314631	0.307447	0.287701	0.0456497	0.016986	0.172298	0.0280181	0.017788	0.00980221	0.00566727	
0.000934037	0.00186655	0.00355189	0.0063476	0.0106493	0.0172577	0.0267947	0.0403256	0.0633532	0.0892141	0.121301	0.15847	0.197463	0.23591	0.268838	0.293885	0.307236	0.307551	0.295549	0.273181	0.243866	0.202912	0.16542	0.00624465	0.0108144	0.0178203	0.028057	0.0424037	0.258877	0.288166	0.131464	0.0994249	0.00339993	0.181891	0.219909	0.307447	0.314631	0.307868	0.067719	0.0105269	0.133009	0.0436106	0.0288331	0.0166753	0.0100522	
0.000473076	0.000976565	0.00192146	0.0035425	0.00613765	0.0103022	0.0165845	0.0259343	0.0427635	0.0627885	0.089138	0.121768	0.158592	0.198033	0.235832	0.269129	0.293812	0.30715	0.30809	0.297036	0.276289	0.241257	0.205009	0.00352499	0.00630951	0.0107986	0.0176046	0.0276024	0.222389	0.258384	0.169399	0.133428	0.00186148	0.14309	0.180415	0.287701	0.307868	0.314631	0.0953555	0.0062178	0.099038	0.064423	0.0443471	0.0269128	0.0169063	
6.63845e-07	1.78891e-06	4.62267e-06	1.1055e-05	2.49385e-05	5.54053e-05	0.000118566	0.000248975	0.000591539	0.001188	0.00232217	0.00439164	0.00790151	0.0136638	0.0224732	0.0352779	0.0530114	0.0762959	0.105113	0.138697	0.175766	0.221183	0.25642	1.16159e-05	2.72214e-05	6.24722e-05	0.000134493	0.000281179	0.0187141	0.0298817	0.285641	0.305715	4.74698e-06	0.00631043	0.0108862	0.0456497	0.067719	0.0953555	0.314631	2.84949e-05	0.00293466	0.305765	0.285685	0.24979	0.213776	
0.227502	0.262819	0.287796	0.295767	0.288934	0.272612	0.248325	0.22183	0.188417	0.158164	0.12912	0.103019	0.0783045	0.0561256	0.0388035	0.025457	0.0160935	0.00974561	0.00564871	0.00314335	0.00167539	0.000749837	0.000366492	0.307147	0.307977	0.299565	0.275523	0.244622	0.039436	0.0263543	0.000172476	7.79051e-05	0.290061	0.0755631	0.0547553	0.016986	0.0105269	0.0062178	2.84949e-05	0.314631	0.0995981	9.8709e-06	3.88662e-06	1.20631e-06	4.36058e-07	
0.0227282	0.0374837	0.058485	0.0870905	0.120747	0.158339	0.197414	0.234755	0.273104	0.296427	0.30742	0.302786	0.285313	0.25813	0.222853	0.18607	0.148143	0.112894	0.0829075	0.0588626	0.0406884	0.0250997	0.0157988	0.0787181	0.112035	0.146362	0.186848	0.225797	0.248048	0.211117	0.0098773	0.00580368	0.0512204	0.303478	0.282277	0.172298	0.133009	0.099038	0.00293466	0.0995981	0.314631	0.00140448	0.00072302	0.000310301	0.00014468	
1.9002e-07	5.36932e-07	1.45575e-06	3.65027e-06	8.62952e-06	2.01104e-05	4.5133e-05	9.93811e-05	0.00024996	0.000526818	0.00108062	0.00214307	0.00404322	0.00733982	0.0126626	0.0208584	0.0328769	0.049632	0.0717259	0.0992661	0.131974	0.175865	0.213858	3.83505e-06	9.42448e-06	2.26858e-05	5.12129e-05	0.000112297	0.0104373	0.017487	0.249898	0.280547	1.49527e-06	0.00319807	0.005788	0.0280181	0.0436106	0.064423	0.305765	9.8709e-06	0.00140448	0.314631	0.308384	0.285565	0.256327	
6.37979e-08	1.87484e-07	5.28938e-07	1.37921e-06	3.38943e-06	8.21866e-06	1.91898e-05	4.39644e-05	0.000115985	0.000254554	0.000543753	0.00112249	0.00220425	0.00416855	0.00748699	0.0128429	0.0210736	0.0331187	0.0498253	0.0717771	0.0993425	0.138887	0.175802	1.44998e-06	3.7062e-06	9.28363e-06	2.18003e-05	4.9739e-05	0.00611368	0.0106659	0.213807	0.249836	5.43836e-07	0.00172803	0.00325598	0.017788	0.0288331	0.0443471	0.285685	3.88662e-06	0.00072302	0.308384	0.314631	0.305695	0.285598	
1.63507e-08	5.03894e-08	1.49174e-07	4.07883e-07	1.05058e-06	2.6725e-06	6.54511e-06	1.57266e-05	4.39316e-05	0.000101205	0.000226909	0.000491325	0.00101195	0.00200946	0.00378656	0.0068174	0.0117364	0.0193512	0.0305448	0.0461617	0.0670404	0.0992744	0.131836	4.28817e-07	1.14952e-06	3.02065e-06	7.43901e-06	1.78042e-05	0.00306006	0.00560287	0.168221	0.206227	1.53433e-07	0.000785574	0.00155322	0.00980221	0.0166753	0.0269128	0.24979	1.20631e-06	0.000310301	0.285565	0.305695	0.314631	0.308363	
5.05295e-09	1.61553e-08	4.96514e-08	1.40771e-07	3.76011e-07	9.93536e-07	2.52813e-06	6.31634e-06	1.85073e-05	4.44083e-05	0.000103761	0.000234184	0.00050266	0.0010408	0.00204406	0.00383484	0.00687874	0.0118176	0.0194328	0.0305858	0.0462477	0.0718418	0.0993376	1.48632e-07	4.13463e-07	1.12967e-06	2.88893e-06	7.18588e-06	0.00163014	0.00310989	0.131854	0.168252	5.13104e-08	0.000385224	0.000793273	0.00566727	0.0100522	0.0169063	0.213776	4.36058e-07	0.00014468	0.256327	0.285598	0.308363	0.314631	
