37	
37	
7.16075e-08	1.26451e-08	1.50914e-09	2.63513e-09	4.72685e-09	-4.9184e-09	1.58557e-08	1.14149e-10	-3.9826e-09	4.19329e-10	-1.35301e-08	6.00783e-09	-1.234e-08	-2.25952e-09	1.78914e-08	-1.03864e-08	-4.22086e-09	5.7936e-11	-1.78692e-08	-1.46055e-08	1.734e-09	7.91236e-09	-3.30354e-09	1.52261e-09	5.35337e-09	1.098e-08	1.62176e-08	4.22781e-09	-9.97715e-09	1.80565e-08	7.46672e-10	9.9463e-09	-2.01585e-08	-1.02209e-08	-1.22137e-08	-3.18453e-09	4.17447e-09	
1.26451e-08	3.19371e-08	6.8289e-09	6.63483e-10	-5.23743e-10	-3.21752e-10	-2.17124e-09	1.19505e-10	6.03e-09	7.62265e-09	-3.36427e-09	-9.5559e-09	-5.18533e-10	3.65291e-09	-9.36916e-09	7.37884e-09	6.55172e-09	-5.4039e-09	-1.68745e-08	3.04191e-09	-1.46317e-08	-1.4507e-08	-3.86333e-09	5.24235e-10	9.86354e-09	1.64014e-08	1.44582e-08	2.05012e-09	-1.02817e-08	8.36013e-09	1.24643e-08	-1.97012e-08	-9.43321e-09	-7.02199e-09	-6.25617e-09	-5.38327e-10	8.72438e-09	
1.50914e-09	6.8289e-09	1.62645e-08	9.75232e-09	2.54928e-10	-3.36189e-10	-1.52153e-09	-2.74278e-09	7.0325e-09	-9.2239e-10	-6.09254e-09	-4.71209e-09	5.02502e-10	2.75308e-09	-4.92381e-09	3.65481e-09	3.11809e-09	-4.63786e-09	-1.84873e-09	1.01645e-08	-5.79874e-09	3.75923e-09	-1.49912e-08	-9.39997e-09	4.96352e-09	1.22068e-08	3.81037e-09	-8.97706e-09	-2.4977e-10	7.69118e-10	2.66895e-08	-5.11175e-09	-9.3559e-10	-7.79734e-09	-6.25161e-09	-1.62695e-09	5.50341e-09	
2.63513e-09	6.63483e-10	9.75232e-09	1.49316e-08	9.13074e-09	2.06493e-09	-3.36275e-09	2.87482e-09	-2.62913e-09	-5.80117e-10	2.2199e-09	-7.06593e-09	-4.15863e-09	-2.35603e-09	-7.26246e-09	4.94551e-09	1.68035e-09	-1.12349e-08	-8.69934e-10	8.41776e-09	1.17737e-08	1.24339e-08	4.75856e-09	-4.34224e-09	-7.1722e-09	-4.31837e-09	-1.27956e-09	-7.48696e-09	-3.89057e-09	-1.60381e-09	4.3844e-09	-8.10711e-10	-1.491e-09	2.49396e-09	-1.48751e-09	-4.16482e-09	-6.67207e-10	
4.72685e-09	-5.23743e-10	2.54928e-10	9.13074e-09	1.54651e-08	2.69195e-09	-3.78196e-09	1.61906e-08	-2.96604e-09	5.09106e-09	3.39464e-09	5.22599e-10	-4.25551e-10	-5.66524e-09	-4.16742e-09	-1.78489e-09	-4.45395e-10	-2.61115e-09	-3.81044e-09	9.84126e-09	7.28131e-09	2.00548e-09	5.24588e-09	5.56134e-09	-2.179e-09	-9.00055e-09	-8.99519e-09	-5.61811e-09	-8.17499e-09	-3.95433e-09	-1.00558e-08	3.07127e-09	-1.20454e-09	-2.42555e-09	5.165e-09	9.5551e-09	-6.81616e-09	
-4.9184e-09	-3.21752e-10	-3.36189e-10	2.06493e-09	2.69195e-09	1.32629e-08	1.29568e-08	-2.49269e-09	-1.26731e-09	8.16328e-09	-1.23685e-09	-2.64497e-09	-1.90155e-09	-4.61729e-09	4.6472e-10	-3.22961e-11	8.60847e-09	5.05757e-09	-3.88498e-10	-6.30871e-09	3.72768e-09	4.36116e-09	7.36153e-09	7.35989e-09	4.16543e-09	-6.58527e-10	-6.95929e-09	-8.90169e-09	-3.84434e-09	1.62478e-08	-1.40701e-09	-1.87394e-09	6.30476e-10	2.46444e-11	-2.31146e-09	-2.44319e-09	-9.22938e-09	
1.58557e-08	-2.17124e-09	-1.52153e-09	-3.36275e-09	-3.78196e-09	1.29568e-08	9.57818e-08	2.89962e-09	1.72296e-09	-7.64949e-09	4.53396e-09	-3.44203e-09	4.23973e-09	-9.9792e-10	9.84762e-08	-3.94335e-09	-3.50102e-09	2.99953e-09	-4.08626e-08	3.83948e-08	1.90063e-09	1.61205e-09	1.51562e-08	1.89944e-08	2.29845e-08	2.34831e-08	1.83283e-08	7.18794e-09	-1.39794e-08	4.49331e-08	3.22728e-09	-3.15567e-09	4.20376e-09	-5.16787e-09	7.92259e-09	1.14672e-08	-1.76484e-09	
1.14149e-10	1.19505e-10	-2.74278e-09	2.87482e-09	1.61906e-08	-2.49269e-09	2.89962e-09	4.5937e-08	1.52668e-09	7.67031e-09	-1.54981e-10	4.51273e-09	4.26544e-08	-5.37146e-09	6.48485e-09	-1.18973e-08	-1.70564e-08	-3.51271e-09	-1.02644e-08	7.78116e-09	-9.34059e-09	-7.70569e-09	-5.42017e-09	-1.48499e-09	-8.60217e-09	-1.88953e-08	-1.30904e-08	2.27439e-08	-1.60581e-08	-4.39441e-09	-1.86714e-09	-5.38165e-09	2.01604e-09	-7.5151e-09	3.50291e-08	5.54853e-08	2.03222e-08	
-3.9826e-09	6.03e-09	7.0325e-09	-2.62913e-09	-2.96604e-09	-1.26731e-09	1.72296e-09	1.52668e-09	2.02788e-08	1.27198e-09	4.33142e-09	1.94947e-08	1.66717e-09	3.29344e-09	5.92827e-09	-1.4992e-09	3.59209e-09	5.10835e-09	1.97398e-09	7.07752e-09	-1.5444e-08	-1.82282e-08	-1.8734e-08	-1.15124e-08	-6.25941e-09	-6.23749e-09	-7.27943e-09	9.50603e-10	-1.17345e-09	-7.50676e-11	1.09937e-09	-4.21818e-09	3.40546e-09	-1.95639e-09	5.18413e-09	3.96439e-09	-4.17119e-09	
4.19329e-10	7.62265e-09	-9.2239e-10	-5.80117e-10	5.09106e-09	8.16328e-09	-7.64949e-09	7.67031e-09	1.27198e-09	3.63738e-08	3.11011e-10	2.11114e-09	-7.51379e-09	1.32838e-08	-1.10374e-08	-2.46436e-08	-1.23166e-08	1.4243e-08	2.73993e-08	-1.72273e-08	-1.28663e-08	-1.43734e-08	-6.31482e-09	-4.72729e-09	-5.1985e-11	3.73054e-09	2.98421e-09	-5.42068e-09	-9.51864e-09	2.7527e-08	3.84495e-09	-2.03545e-08	-1.77954e-08	-4.67057e-09	1.62575e-09	3.00226e-08	4.14422e-08	
-1.35301e-08	-3.36427e-09	-6.09254e-09	2.2199e-09	3.39464e-09	-1.23685e-09	4.53396e-09	-1.54981e-10	4.33142e-09	3.11011e-10	1.04612e-07	6.81345e-09	-8.6255e-09	2.04629e-09	9.02774e-10	-5.48877e-09	-6.12832e-10	8.39485e-10	-8.93682e-10	-3.52087e-09	9.63468e-08	1.93294e-08	-5.77927e-09	-4.26976e-09	2.89055e-09	1.13013e-08	1.53848e-08	-8.77746e-10	-4.24914e-09	1.71121e-09	-1.72946e-08	-8.40025e-09	1.09609e-08	-7.77627e-10	-1.89332e-08	-1.40653e-08	-8.78758e-09	
6.00783e-09	-9.5559e-09	-4.71209e-09	-7.06593e-09	5.22599e-10	-2.64497e-09	-3.44203e-09	4.51273e-09	1.94947e-08	2.11114e-09	6.81345e-09	8.38189e-08	-2.70338e-09	-6.07803e-09	2.00181e-08	-1.5502e-08	-1.94281e-08	-5.79931e-10	1.00535e-08	1.64304e-08	1.08819e-08	3.04603e-09	1.34863e-08	9.46492e-09	-1.91986e-08	-2.75045e-08	-6.74368e-09	1.06295e-08	8.10087e-09	3.01829e-10	-6.88818e-08	7.50165e-09	-1.85819e-09	-6.15902e-10	9.04677e-09	5.06028e-09	-1.20598e-08	
-1.234e-08	-5.18532e-10	5.02502e-10	-4.15863e-09	-4.25551e-10	-1.90155e-09	4.23973e-09	4.26544e-08	1.66717e-09	-7.51379e-09	-8.6255e-09	-2.70338e-09	1.66532e-07	-2.19006e-09	3.99178e-09	1.62643e-08	-1.69304e-08	-2.93883e-08	2.22135e-09	2.87268e-08	-3.72643e-09	1.04575e-08	-1.34346e-08	-1.06343e-08	-8.29804e-09	-2.11201e-08	-4.0816e-08	1.3223e-08	-1.54031e-08	1.42171e-09	1.83653e-08	-7.19639e-09	4.67153e-09	-2.56461e-08	1.19845e-08	3.94616e-08	3.37412e-08	
-2.25952e-09	3.65291e-09	2.75308e-09	-2.35603e-09	-5.66524e-09	-4.61729e-09	-9.9792e-10	-5.37146e-09	3.29344e-09	1.32838e-08	2.04629e-09	-6.07803e-09	-2.19006e-09	1.05105e-07	1.50946e-08	2.33946e-09	-5.37106e-09	-1.57506e-08	-1.00494e-08	-2.91226e-08	-7.86471e-09	-4.90354e-09	2.1934e-08	-4.81941e-09	-1.41613e-08	-2.36752e-09	2.04343e-08	1.00526e-08	5.15316e-08	-5.68038e-09	6.09464e-09	-2.43023e-09	-1.10297e-08	2.45122e-08	-7.24971e-09	-2.18931e-08	5.97251e-08	
1.78914e-08	-9.36916e-09	-4.92381e-09	-7.26246e-09	-4.16742e-09	4.6472e-10	9.84762e-08	6.48485e-09	5.92827e-09	-1.10374e-08	9.02774e-10	2.00181e-08	3.99178e-09	1.50946e-08	3.20377e-07	2.83933e-07	4.39392e-08	-4.44487e-08	-4.92375e-08	-1.26679e-08	-3.78733e-09	-9.59152e-09	-2.62676e-08	-2.65584e-08	-2.38067e-08	-1.95455e-08	-7.60298e-10	2.93513e-08	9.84502e-10	7.09392e-09	3.92069e-09	5.52691e-09	-6.9038e-09	-5.14851e-09	-9.75356e-09	-4.54677e-09	2.198e-08	
-1.03864e-08	7.37884e-09	3.65481e-09	4.94551e-09	-1.78489e-09	-3.22961e-11	-3.94335e-09	-1.18973e-08	-1.4992e-09	-2.46436e-08	-5.48877e-09	-1.5502e-08	1.62643e-08	2.33946e-09	2.83933e-07	1.09095e-06	7.95008e-07	2.67158e-07	-1.0172e-07	7.41882e-08	4.04633e-08	4.06071e-08	-1.35677e-08	-3.11842e-08	-6.77677e-08	-1.01858e-07	-1.05221e-07	-4.22293e-08	3.59489e-08	-6.00004e-09	-3.53321e-08	2.29788e-08	1.34951e-08	3.90538e-08	-1.49161e-08	-6.11352e-08	-4.89946e-08	
-4.22086e-09	6.55172e-09	3.11809e-09	1.68035e-09	-4.45395e-10	8.60847e-09	-3.50102e-09	-1.70564e-08	3.59209e-09	-1.23166e-08	-6.12833e-10	-1.94281e-08	-1.69304e-08	-5.37106e-09	4.39392e-08	7.95008e-07	1.17221e-06	9.14222e-07	4.66409e-08	8.54362e-08	-3.85301e-09	-3.51721e-09	1.19406e-08	2.14256e-08	6.38839e-09	-1.36606e-08	-4.08062e-08	-6.38876e-08	3.25563e-08	3.46973e-08	-2.95442e-08	4.00077e-08	2.65869e-08	4.85476e-08	1.141e-07	5.89391e-08	-1.602e-07	
5.79359e-11	-5.4039e-09	-4.63786e-09	-1.12349e-08	-2.61115e-09	5.05757e-09	2.99953e-09	-3.51271e-09	5.10835e-09	1.4243e-08	8.39484e-10	-5.79931e-10	-2.93883e-08	-1.57506e-08	-4.44487e-08	2.67158e-07	9.14222e-07	1.14016e-06	3.55057e-07	-1.37089e-08	-3.97275e-08	-4.53087e-08	5.00494e-10	4.00225e-08	6.19609e-08	6.58209e-08	3.87621e-08	-1.89374e-08	1.1583e-08	4.06252e-08	-6.75083e-09	3.79933e-08	2.60381e-08	-2.26721e-09	1.45182e-07	1.83411e-07	-5.50647e-08	
-1.78692e-08	-1.68745e-08	-1.84873e-09	-8.69934e-10	-3.81044e-09	-3.88498e-10	-4.08626e-08	-1.02644e-08	1.97398e-09	2.73993e-08	-8.93682e-10	1.00535e-08	2.22135e-09	-1.00494e-08	-4.92375e-08	-1.0172e-07	4.66409e-08	3.55057e-07	1.1226e-06	7.76275e-07	-8.69262e-09	4.56563e-10	-3.26145e-08	-2.36825e-08	-1.32681e-08	-1.1502e-08	-3.3996e-09	4.31865e-08	-1.20778e-08	9.45638e-08	4.26266e-08	2.28916e-09	-9.97344e-09	1.24347e-09	-6.34074e-08	-7.07944e-08	-6.58918e-09	
-1.46055e-08	3.04191e-09	1.01645e-08	8.41776e-09	9.84126e-09	-6.30871e-09	3.83948e-08	7.78116e-09	7.07752e-09	-1.72273e-08	-3.52087e-09	1.64304e-08	2.87268e-08	-2.91226e-08	-1.26679e-08	7.41882e-08	8.54362e-08	-1.37089e-08	7.76275e-07	2.37236e-06	1.64558e-08	2.87146e-08	-3.95194e-08	-4.58251e-08	-3.7591e-08	-2.78797e-08	-3.0232e-08	-4.01747e-08	5.32784e-09	1.71838e-07	3.90768e-08	3.3043e-08	-7.8512e-09	7.63248e-10	3.74805e-08	-2.22283e-08	-1.22134e-07	
1.734e-09	-1.46317e-08	-5.79874e-09	1.17737e-08	7.28131e-09	3.72768e-09	1.90063e-09	-9.34059e-09	-1.5444e-08	-1.28663e-08	9.63468e-08	1.08819e-08	-3.72643e-09	-7.86471e-09	-3.78733e-09	4.04633e-08	-3.85301e-09	-3.97275e-08	-8.69262e-09	1.64558e-08	3.75603e-07	4.00897e-07	-1.59307e-08	1.43268e-08	2.2978e-08	1.18594e-08	-2.11555e-08	-3.89202e-08	8.56811e-09	-6.05163e-09	1.33065e-07	1.9885e-08	-2.43751e-08	-2.10841e-09	-1.23778e-08	-5.38609e-09	3.33021e-08	
7.91236e-09	-1.4507e-08	3.75923e-09	1.24339e-08	2.00548e-09	4.36116e-09	1.61205e-09	-7.70569e-09	-1.82282e-08	-1.43734e-08	1.93294e-08	3.04603e-09	1.04575e-08	-4.90354e-09	-9.59152e-09	4.06071e-08	-3.51721e-09	-4.53087e-08	4.56562e-10	2.87146e-08	4.00897e-07	7.11951e-07	1.10419e-07	8.84972e-09	1.0813e-08	1.08659e-08	-2.79893e-08	-3.96808e-08	-5.49154e-10	-1.6166e-08	7.59457e-07	3.50184e-08	-8.23549e-09	3.44139e-09	-1.82617e-10	1.20987e-08	6.07655e-08	
-3.30354e-09	-3.86333e-09	-1.49912e-08	4.75856e-09	5.24588e-09	7.36153e-09	1.51562e-08	-5.42017e-09	-1.8734e-08	-6.31482e-09	-5.77927e-09	1.34863e-08	-1.34346e-08	2.1934e-08	-2.62676e-08	-1.35677e-08	1.19406e-08	5.00493e-10	-3.26145e-08	-3.95194e-08	-1.59307e-08	1.10419e-07	1.33285e-06	7.63771e-07	2.60416e-07	8.88937e-09	-2.56501e-09	7.1894e-08	-1.20171e-08	-1.83251e-08	4.48966e-08	4.96189e-09	2.66653e-08	-4.43652e-08	-5.02657e-09	-5.60483e-09	4.61283e-08	
1.52261e-09	5.24235e-10	-9.39997e-09	-4.34224e-09	5.56134e-09	7.35989e-09	1.89944e-08	-1.48499e-09	-1.15124e-08	-4.72729e-09	-4.26976e-09	9.46492e-09	-1.06343e-08	-4.81941e-09	-2.65584e-08	-3.11842e-08	2.14256e-08	4.00225e-08	-2.36825e-08	-4.58251e-08	1.43268e-08	8.84972e-09	7.63771e-07	7.61379e-07	4.88315e-07	1.96132e-07	1.76895e-08	3.49479e-08	-3.09749e-08	-1.99238e-08	-2.43673e-07	1.13223e-08	3.1481e-08	-4.38828e-08	-6.85128e-09	6.85881e-09	4.17996e-08	
5.35337e-09	9.86354e-09	4.96352e-09	-7.1722e-09	-2.179e-09	4.16543e-09	2.29845e-08	-8.60217e-09	-6.25941e-09	-5.1985e-11	2.89055e-09	-1.91986e-08	-8.29804e-09	-1.41613e-08	-2.38067e-08	-6.77677e-08	6.38838e-09	6.19609e-08	-1.32681e-08	-3.7591e-08	2.2978e-08	1.0813e-08	2.60416e-07	4.88315e-07	5.06046e-07	3.77266e-07	1.66982e-07	3.59059e-08	-3.44231e-08	-1.41081e-08	-9.40319e-08	1.19756e-08	2.99485e-08	2.83157e-08	-2.58277e-08	3.69453e-09	2.93713e-08	
1.098e-08	1.64014e-08	1.22068e-08	-4.31837e-09	-9.00055e-09	-6.58527e-10	2.34831e-08	-1.88953e-08	-6.23749e-09	3.73054e-09	1.13013e-08	-2.75045e-08	-2.11201e-08	-2.36752e-09	-1.95455e-08	-1.01858e-07	-1.36606e-08	6.58209e-08	-1.1502e-08	-2.78797e-08	1.18594e-08	1.08659e-08	8.88936e-09	1.96132e-07	3.77266e-07	4.66665e-07	3.94365e-07	1.61197e-07	-1.98253e-08	-6.48756e-09	-7.27354e-09	8.88117e-09	3.01168e-08	1.19981e-07	-3.76362e-08	-2.20051e-08	2.66142e-08	
1.62176e-08	1.44582e-08	3.81037e-09	-1.27956e-09	-8.99519e-09	-6.95929e-09	1.83283e-08	-1.30904e-08	-7.27943e-09	2.98421e-09	1.53848e-08	-6.74368e-09	-4.0816e-08	2.04343e-08	-7.60298e-10	-1.05221e-07	-4.08062e-08	3.87621e-08	-3.39959e-09	-3.0232e-08	-2.11555e-08	-2.79893e-08	-2.56501e-09	1.76895e-08	1.66982e-07	3.94365e-07	6.06168e-07	4.91636e-07	6.33732e-09	3.70705e-09	-5.96629e-08	-2.6324e-09	2.98204e-08	1.8272e-07	-1.29254e-08	-7.24998e-08	2.03635e-08	
4.22781e-09	2.05012e-09	-8.97706e-09	-7.48696e-09	-5.61811e-09	-8.90169e-09	7.18794e-09	2.27439e-08	9.50603e-10	-5.42068e-09	-8.77746e-10	1.06295e-08	1.3223e-08	1.00526e-08	2.93513e-08	-4.22293e-08	-6.38876e-08	-1.89374e-08	4.31865e-08	-4.01747e-08	-3.89202e-08	-3.96808e-08	7.1894e-08	3.49479e-08	3.59059e-08	1.61197e-07	4.91636e-07	7.3591e-07	2.36179e-08	1.19001e-08	-7.29486e-08	-9.56728e-09	1.6874e-08	1.33807e-07	4.96189e-08	-9.4227e-08	-3.12806e-08	
-9.97715e-09	-1.02817e-08	-2.4977e-10	-3.89057e-09	-8.17499e-09	-3.84434e-09	-1.39794e-08	-1.60581e-08	-1.17345e-09	-9.51864e-09	-4.24914e-09	8.10087e-09	-1.54031e-08	5.15316e-08	9.84502e-10	3.59489e-08	3.25563e-08	1.1583e-08	-1.20778e-08	5.32784e-09	8.56811e-09	-5.49154e-10	-1.20171e-08	-3.09749e-08	-3.44231e-08	-1.98253e-08	6.33732e-09	2.36179e-08	1.61649e-07	-9.43438e-09	-6.42822e-09	7.51305e-08	2.53656e-08	2.59782e-08	4.40468e-08	-1.62625e-08	-4.89508e-08	
1.80565e-08	8.36013e-09	7.69118e-10	-1.60381e-09	-3.95433e-09	1.62478e-08	4.49331e-08	-4.39441e-09	-7.50676e-11	2.7527e-08	1.71121e-09	3.01829e-10	1.42171e-09	-5.68038e-09	7.09392e-09	-6.00004e-09	3.46973e-08	4.06252e-08	9.45638e-08	1.71838e-07	-6.05163e-09	-1.6166e-08	-1.83251e-08	-1.99238e-08	-1.41081e-08	-6.48756e-09	3.70705e-09	1.19001e-08	-9.43438e-09	1.35148e-07	2.17256e-08	-2.11683e-08	-4.57917e-08	-6.01037e-09	-5.90275e-09	-1.76312e-08	-7.77754e-08	
7.46672e-10	1.24643e-08	2.66895e-08	4.3844e-09	-1.00558e-08	-1.40701e-09	3.22728e-09	-1.86714e-09	1.09937e-09	3.84495e-09	-1.72946e-08	-6.88818e-08	1.83653e-08	6.09464e-09	3.92069e-09	-3.53321e-08	-2.95442e-08	-6.75083e-09	4.26266e-08	3.90768e-08	1.33065e-07	7.59457e-07	4.48966e-08	-2.43673e-07	-9.40319e-08	-7.27354e-09	-5.96629e-08	-7.29486e-08	-6.42822e-09	2.17256e-08	2.51788e-06	-1.88277e-08	-4.57988e-08	3.14539e-08	5.46488e-08	3.56242e-08	-4.10915e-08	
9.9463e-09	-1.97012e-08	-5.11175e-09	-8.10711e-10	3.07127e-09	-1.87394e-09	-3.15567e-09	-5.38165e-09	-4.21818e-09	-2.03545e-08	-8.40025e-09	7.50165e-09	-7.19639e-09	-2.43023e-09	5.52691e-09	2.29788e-08	4.00077e-08	3.79933e-08	2.28916e-09	3.3043e-08	1.9885e-08	3.50184e-08	4.96189e-09	1.13223e-08	1.19756e-08	8.88117e-09	-2.6324e-09	-9.56728e-09	7.51305e-08	-2.11683e-08	-1.88277e-08	1.21841e-07	6.74629e-08	1.26796e-08	1.85232e-08	1.14524e-08	-9.60099e-10	
-2.01585e-08	-9.43321e-09	-9.35591e-10	-1.491e-09	-1.20454e-09	6.30476e-10	4.20376e-09	2.01604e-09	3.40546e-09	-1.77954e-08	1.09609e-08	-1.85819e-09	4.67153e-09	-1.10297e-08	-6.9038e-09	1.34951e-08	2.65869e-08	2.60381e-08	-9.97344e-09	-7.8512e-09	-2.43751e-08	-8.23549e-09	2.66653e-08	3.1481e-08	2.99485e-08	3.01168e-08	2.98204e-08	1.6874e-08	2.53656e-08	-4.57917e-08	-4.57988e-08	6.74629e-08	1.19978e-07	-2.20806e-09	-7.53736e-09	1.12369e-08	6.00739e-08	
-1.02209e-08	-7.02199e-09	-7.79734e-09	2.49396e-09	-2.42555e-09	2.46444e-11	-5.16787e-09	-7.5151e-09	-1.95639e-09	-4.67057e-09	-7.77627e-10	-6.15902e-10	-2.56461e-08	2.45122e-08	-5.14851e-09	3.90538e-08	4.85476e-08	-2.26721e-09	1.24347e-09	7.63248e-10	-2.10841e-09	3.44139e-09	-4.43652e-08	-4.38828e-08	2.83157e-08	1.19981e-07	1.8272e-07	1.33807e-07	2.59782e-08	-6.01037e-09	3.14539e-08	1.26796e-08	-2.20806e-09	8.19189e-07	5.57543e-07	9.41434e-08	-9.21203e-08	
-1.22137e-08	-6.25617e-09	-6.25161e-09	-1.48751e-09	5.165e-09	-2.31146e-09	7.92259e-09	3.50291e-08	5.18413e-09	1.62575e-09	-1.89332e-08	9.04677e-09	1.19845e-08	-7.24971e-09	-9.75356e-09	-1.49161e-08	1.141e-07	1.45182e-07	-6.34074e-08	3.74805e-08	-1.23778e-08	-1.82617e-10	-5.02657e-09	-6.85128e-09	-2.58277e-08	-3.76362e-08	-1.29254e-08	4.96189e-08	4.40468e-08	-5.90275e-09	5.46488e-08	1.85232e-08	-7.53736e-09	5.57543e-07	7.04638e-07	3.52543e-07	2.83273e-08	
-3.18453e-09	-5.38327e-10	-1.62695e-09	-4.16482e-09	9.5551e-09	-2.44319e-09	1.14672e-08	5.54853e-08	3.96439e-09	3.00226e-08	-1.40653e-08	5.06028e-09	3.94616e-08	-2.18931e-08	-4.54677e-09	-6.11352e-08	5.89391e-08	1.83411e-07	-7.07944e-08	-2.22283e-08	-5.38609e-09	1.20987e-08	-5.60483e-09	6.85881e-09	3.69453e-09	-2.20051e-08	-7.24998e-08	-9.4227e-08	-1.62625e-08	-1.76312e-08	3.56242e-08	1.14524e-08	1.12369e-08	9.41434e-08	3.52543e-07	4.08582e-07	3.32038e-07	
4.17447e-09	8.72438e-09	5.50341e-09	-6.67207e-10	-6.81616e-09	-9.22938e-09	-1.76484e-09	2.03222e-08	-4.17119e-09	4.14422e-08	-8.78758e-09	-1.20598e-08	3.37412e-08	5.97251e-08	2.198e-08	-4.89946e-08	-1.602e-07	-5.50647e-08	-6.58917e-09	-1.22134e-07	3.33021e-08	6.07655e-08	4.61283e-08	4.17996e-08	2.93713e-08	2.66142e-08	2.03635e-08	-3.12806e-08	-4.89508e-08	-7.77754e-08	-4.10915e-08	-9.60099e-10	6.00739e-08	-9.21203e-08	2.83273e-08	3.32038e-07	9.41043e-07	
