37	
37	
0.00743485	0.00724972	0.00715782	0.00716239	0.00694452	0.00682478	0.0064784	0.00644143	0.00682538	0.00643083	0.00640823	0.00603105	0.00569745	0.0061867	0.00607839	0.00555722	0.00536684	0.00505371	0.00465185	0.00459398	0.00545896	0.00449661	0.00459072	0.00550715	0.00615713	0.00659112	0.00677157	0.00645517	0.00675118	0.00610513	0.00357606	0.00728657	0.00724726	0.00631531	0.00602258	0.00576498	0.00526429	
0.00724972	0.00743485	0.0072804	0.00698842	0.00649605	0.00656398	0.00647761	0.00577566	0.00728534	0.00592395	0.0070562	0.00678539	0.00485131	0.00543417	0.00633348	0.00570132	0.00525013	0.00473824	0.00432711	0.00446055	0.0063464	0.00548762	0.0055376	0.00629074	0.00670104	0.00684443	0.00660242	0.00591578	0.00618898	0.00585687	0.00457091	0.00693543	0.00721654	0.00604002	0.00551708	0.00512798	0.00451967	
0.00715782	0.0072804	0.00743485	0.00728389	0.00686052	0.00690406	0.00684191	0.0062337	0.00722353	0.00637055	0.00675956	0.0066831	0.00531477	0.00579259	0.00677658	0.00635182	0.0059743	0.005457	0.00494523	0.00503144	0.00601096	0.00520146	0.00546074	0.0063582	0.00691208	0.00717804	0.00705932	0.00643579	0.00639762	0.00633688	0.004322	0.00696636	0.00721395	0.00669691	0.00619301	0.0057483	0.0050645	
0.00716239	0.00698842	0.00728389	0.00743485	0.00728704	0.00722416	0.00698897	0.00688327	0.00675307	0.00694663	0.0061095	0.0059732	0.00612828	0.0065217	0.00672353	0.00646922	0.00636922	0.00605326	0.00555537	0.00546502	0.00517471	0.00430308	0.00459441	0.00562181	0.0063867	0.00691826	0.00719627	0.00693154	0.00691136	0.00675916	0.003444	0.00719517	0.00719642	0.00704663	0.00679589	0.00649687	0.00591581	
0.00694452	0.00649605	0.00686052	0.00728704	0.00743485	0.00727717	0.00686699	0.00728234	0.00609017	0.00727763	0.00535629	0.00514122	0.00676335	0.00707562	0.00638696	0.00626794	0.00645195	0.00638394	0.00596212	0.00568141	0.00431579	0.00343823	0.00370189	0.00474896	0.00562856	0.00635416	0.0069872	0.0071102	0.00722678	0.00692427	0.00264576	0.00720352	0.00695554	0.00703276	0.00708153	0.00700041	0.00661107	
0.00682478	0.00656398	0.00690406	0.00722416	0.00727717	0.00743485	0.00728184	0.00693856	0.00629647	0.00727779	0.00566605	0.00542924	0.00623108	0.00685015	0.00688772	0.00672096	0.00678763	0.00663066	0.00636832	0.00629563	0.00465273	0.00377114	0.0039599	0.00492098	0.00567954	0.00625982	0.00667545	0.0066004	0.00720943	0.00726352	0.00296612	0.00717006	0.0071383	0.00676169	0.00676079	0.00674884	0.0063804	
0.0064784	0.00647761	0.00684191	0.00698897	0.00686699	0.00728184	0.00743485	0.00634824	0.00644206	0.00693085	0.00591309	0.00576169	0.00547151	0.00624048	0.00727103	0.00708978	0.00695421	0.00662314	0.00642543	0.00660444	0.00502824	0.00421714	0.00438395	0.00523963	0.00584484	0.00623405	0.0063622	0.006027	0.00677169	0.0072644	0.00343461	0.00680333	0.00704022	0.00646513	0.00632152	0.00625111	0.00580967	
0.00644143	0.00577566	0.0062337	0.00688327	0.00728234	0.00693856	0.00634824	0.00743485	0.00527192	0.00723252	0.00446534	0.00426563	0.00723332	0.00728025	0.00574937	0.00579375	0.00623134	0.00639213	0.0059634	0.00545971	0.00343958	0.00264256	0.00292046	0.00394549	0.00489226	0.00576224	0.00669891	0.00719452	0.00710537	0.00665876	0.00196062	0.00682755	0.00634836	0.0069203	0.00722258	0.00727606	0.00704302	
0.00682538	0.00728534	0.00722353	0.00675307	0.00609017	0.00629647	0.00644206	0.00527192	0.00743485	0.00553065	0.00728132	0.00722502	0.00426276	0.00484701	0.00656722	0.00594417	0.00530502	0.00464135	0.00419762	0.00446546	0.00682743	0.00615881	0.00626442	0.00686545	0.00707899	0.00699561	0.00644707	0.00551886	0.0056485	0.00568394	0.0053341	0.00644923	0.00696454	0.00590154	0.0052244	0.00473312	0.00404639	
0.00643083	0.00592395	0.00637055	0.00694663	0.00727763	0.00727779	0.00693085	0.00723252	0.00553065	0.00743485	0.0047959	0.00455937	0.00680217	0.00724047	0.00637188	0.00639135	0.00676028	0.006867	0.00663494	0.00631524	0.00375269	0.00292515	0.00314136	0.00411344	0.00497105	0.0057232	0.00646487	0.00676109	0.00728587	0.00721559	0.00221498	0.00694577	0.00666243	0.00674885	0.00702445	0.00718908	0.00700112	
0.00640823	0.0070562	0.00675956	0.0061095	0.00535629	0.00566605	0.00591309	0.00446534	0.00728132	0.0047959	0.00743485	0.00728652	0.00347697	0.00412519	0.0060879	0.0053134	0.00456764	0.00388768	0.00354711	0.00390303	0.00720435	0.00664038	0.00649844	0.00680573	0.00675012	0.0064412	0.00567768	0.00465914	0.00502855	0.00503569	0.00589109	0.00594258	0.00659469	0.00503268	0.00433775	0.00389885	0.0032907	
0.00603105	0.00678539	0.0066831	0.0059732	0.00514122	0.00542924	0.00576169	0.00426563	0.00722502	0.00455937	0.00728652	0.00743485	0.00327386	0.00380564	0.00614831	0.00548171	0.00464891	0.00388024	0.00344698	0.00381934	0.00725247	0.00690385	0.00698757	0.00724399	0.00710579	0.00668576	0.00576537	0.00462084	0.00462327	0.00485636	0.00628342	0.00551933	0.00623855	0.00515617	0.00434426	0.00378744	0.0031012	
0.00569745	0.00485131	0.00531477	0.00612828	0.00676335	0.00623108	0.00547151	0.00723332	0.00426276	0.00680217	0.00347697	0.00327386	0.00743485	0.00717835	0.00477079	0.00491201	0.00555148	0.00594098	0.00554547	0.00484201	0.00253754	0.0018609	0.00210138	0.0030106	0.00393057	0.0048629	0.00603459	0.00690686	0.00667189	0.00599097	0.00131872	0.00617324	0.0054769	0.00637212	0.00693472	0.00715748	0.00714923	
0.0061867	0.00543417	0.00579259	0.0065217	0.00707562	0.00685015	0.00624048	0.00728025	0.00484701	0.00724047	0.00412519	0.00380564	0.00717835	0.00743485	0.00548147	0.00549082	0.00603223	0.00635026	0.00616079	0.00562919	0.00307703	0.00228776	0.00245626	0.00336582	0.00423605	0.00507741	0.00605921	0.00669095	0.00724503	0.00669102	0.00165617	0.00676126	0.00620079	0.00633201	0.00682463	0.00715878	0.00719435	
0.00607839	0.00633348	0.00677658	0.00672353	0.00638696	0.00688772	0.00727103	0.00574937	0.00656722	0.00637188	0.0060879	0.00614831	0.00477079	0.00548147	0.00743485	0.00728653	0.00690836	0.00635565	0.00605575	0.00640885	0.0054186	0.00475851	0.00501108	0.00577444	0.00622902	0.00641872	0.00624352	0.00563541	0.00608033	0.00690745	0.00403826	0.00626239	0.00672392	0.00632293	0.00596162	0.00570481	0.00511176	
0.00555722	0.00570132	0.00635182	0.00646922	0.00626794	0.00672096	0.00708978	0.00579375	0.00594417	0.00639135	0.0053134	0.00548171	0.00491201	0.00549082	0.00728653	0.00743485	0.00724728	0.0067935	0.00645283	0.00670923	0.00463569	0.00403981	0.00441474	0.00524883	0.00581392	0.00612981	0.00613267	0.00568261	0.00588305	0.00693962	0.00339496	0.00585322	0.00621588	0.00645326	0.00620526	0.00597113	0.00538778	
0.00536684	0.00525013	0.0059743	0.00636922	0.00645195	0.00678763	0.00695421	0.00623134	0.00530502	0.00676028	0.00456764	0.00464891	0.00555148	0.00603223	0.00690836	0.00724728	0.00743485	0.00728601	0.00700948	0.00700839	0.00377235	0.00314158	0.00349746	0.00439826	0.00512023	0.00566212	0.00603575	0.0059517	0.00616972	0.00713994	0.00252918	0.00584691	0.0059639	0.00656663	0.00661582	0.00657553	0.00615463	
0.00505371	0.00473824	0.005457	0.00605326	0.00638394	0.00663066	0.00662314	0.00639213	0.00464135	0.006867	0.00388768	0.00388024	0.00594098	0.00635026	0.00635565	0.0067935	0.00728601	0.00743485	0.0072823	0.00705302	0.00305345	0.00243472	0.00273017	0.003599	0.00437072	0.00503727	0.00567726	0.00591542	0.00626277	0.00708845	0.00188372	0.00568448	0.00559587	0.00634396	0.00667453	0.00686316	0.00666582	
0.00465185	0.00432711	0.00494523	0.00555537	0.00596212	0.00636832	0.00642543	0.0059634	0.00419762	0.00663494	0.00354711	0.00344698	0.00554547	0.00616079	0.00605575	0.00645283	0.00700948	0.0072823	0.00743485	0.0072742	0.00272843	0.00213068	0.00232102	0.00306813	0.00374388	0.00434731	0.00496137	0.00524434	0.00611514	0.00699161	0.00162762	0.00539925	0.00531002	0.00562896	0.00607339	0.00647822	0.00649184	
0.00459398	0.00446055	0.00503144	0.00546502	0.00568141	0.00629563	0.00660444	0.00545971	0.00446546	0.00631524	0.00390303	0.00381934	0.00484201	0.00562919	0.00640885	0.00670923	0.00700839	0.00705302	0.0072742	0.00743485	0.00312885	0.00253138	0.00269035	0.00338415	0.0039556	0.00441131	0.00477429	0.00479455	0.00583362	0.00695901	0.00200625	0.00527824	0.00540677	0.00534445	0.00559891	0.00590299	0.00580228	
0.00545896	0.0063464	0.00601096	0.00517471	0.00431579	0.00465273	0.00502824	0.00343958	0.00682743	0.00375269	0.00720435	0.00725247	0.00253754	0.00307703	0.0054186	0.00463569	0.00377235	0.00305345	0.00272843	0.00312885	0.00743485	0.00724434	0.00703814	0.00694953	0.00653798	0.00592377	0.00486872	0.0037279	0.00392282	0.00407198	0.00676314	0.00487768	0.00566886	0.00419068	0.00342436	0.00295229	0.0023798	
0.00449661	0.00548762	0.00520146	0.00430308	0.00343823	0.00377114	0.00421714	0.00264256	0.00615881	0.00292515	0.00664038	0.00690385	0.0018609	0.00228776	0.00475851	0.00403981	0.00314158	0.00243472	0.00213068	0.00253138	0.00724434	0.00743485	0.00724839	0.00681891	0.00613961	0.00532388	0.00412049	0.00297142	0.00301671	0.00328037	0.00727447	0.00390113	0.00472845	0.003486	0.00272006	0.00225602	0.00174268	
0.00459072	0.0055376	0.00546074	0.00459441	0.00370189	0.0039599	0.00438395	0.00292046	0.00626442	0.00314136	0.00649844	0.00698757	0.00210138	0.00245626	0.00501108	0.00441474	0.00349746	0.00273017	0.00232102	0.00269035	0.00703814	0.00724839	0.00743485	0.00719669	0.00662875	0.00585165	0.00462136	0.00339086	0.0031228	0.00347011	0.00706803	0.00398258	0.00476971	0.00400367	0.00313445	0.00255602	0.00195119	
0.00550715	0.00629074	0.0063582	0.00562181	0.00474896	0.00492098	0.00523963	0.00394549	0.00686545	0.00411344	0.00680573	0.00724399	0.0030106	0.00336582	0.00577444	0.00524883	0.00439826	0.003599	0.00306813	0.00338415	0.00694953	0.00681891	0.00719669	0.00743485	0.0072505	0.00675598	0.00572988	0.00450623	0.00404669	0.00436267	0.00633909	0.00492032	0.00561558	0.00512807	0.00420981	0.00352888	0.00278819	
0.00615713	0.00670104	0.00691208	0.0063867	0.00562856	0.00567954	0.00584484	0.00489226	0.00707899	0.00497105	0.00675012	0.00710579	0.00393057	0.00423605	0.00622902	0.00581392	0.00512023	0.00437072	0.00374388	0.0039556	0.00653798	0.00613961	0.00662875	0.0072505	0.00743485	0.00726664	0.00656507	0.00549132	0.0048529	0.00509052	0.00546831	0.00565279	0.00618293	0.00604612	0.00518124	0.00445889	0.00363778	
0.00659112	0.00684443	0.00717804	0.00691826	0.00635416	0.00625982	0.00623405	0.00576224	0.00699561	0.0057232	0.0064412	0.00668576	0.0048629	0.00507741	0.00641872	0.00612981	0.00566212	0.00503727	0.00434731	0.00441131	0.00592377	0.00532388	0.00585165	0.00675598	0.00726664	0.00743485	0.00713872	0.00633787	0.00556324	0.00566859	0.00454584	0.00621748	0.00652683	0.00674965	0.00603442	0.00533913	0.0045019	
0.00677157	0.00660242	0.00705932	0.00719627	0.0069872	0.00667545	0.0063622	0.00669891	0.00644707	0.00646487	0.00567768	0.00576537	0.00603459	0.00605921	0.00624352	0.00613267	0.00603575	0.00567726	0.00496137	0.00477429	0.00486872	0.00412049	0.00462136	0.00572988	0.00656507	0.00713872	0.00743485	0.00714893	0.00626659	0.00612597	0.00332267	0.00662753	0.00658485	0.00727149	0.00688506	0.00633473	0.00559192	
0.00645517	0.00591578	0.00643579	0.00693154	0.0071102	0.0066004	0.006027	0.00719452	0.00551886	0.00676109	0.00465914	0.00462084	0.00690686	0.00669095	0.00563541	0.00568261	0.0059517	0.00591542	0.00524434	0.00479455	0.0037279	0.00297142	0.00339086	0.00450623	0.00549132	0.00633787	0.00714893	0.00743485	0.0065467	0.00613871	0.00226408	0.00655635	0.00617224	0.00722478	0.00724282	0.00693634	0.00641384	
0.00675118	0.00618898	0.00639762	0.00691136	0.00722678	0.00720943	0.00677169	0.00710537	0.0056485	0.00728587	0.00502855	0.00462327	0.00667189	0.00724503	0.00608033	0.00588305	0.00616972	0.00626277	0.00611514	0.00583362	0.00392282	0.00301671	0.0031228	0.00404669	0.0048529	0.00556324	0.00626659	0.0065467	0.00743485	0.00695968	0.00226244	0.007218	0.00687708	0.00634445	0.00659901	0.00681902	0.00670778	
0.00610513	0.00585687	0.00633688	0.00675916	0.00692427	0.00726352	0.0072644	0.00665876	0.00568394	0.00721559	0.00503569	0.00485636	0.00599097	0.00669102	0.00690745	0.00693962	0.00713994	0.00708845	0.00699161	0.00695901	0.00407198	0.00328037	0.00347011	0.00436267	0.00509052	0.00566859	0.00612597	0.00613871	0.00695968	0.00743485	0.00257362	0.00665021	0.00665485	0.00645997	0.00660558	0.0067489	0.00649767	
0.00357606	0.00457091	0.004322	0.003444	0.00264576	0.00296612	0.00343461	0.00196062	0.0053341	0.00221498	0.00589109	0.00628342	0.00131872	0.00165617	0.00403826	0.00339496	0.00252918	0.00188372	0.00162762	0.00200625	0.00676314	0.00727447	0.00706803	0.00633909	0.00546831	0.00454584	0.00332267	0.00226408	0.00226244	0.00257362	0.00743485	0.00302893	0.00382491	0.00276715	0.00207217	0.00166575	0.00124116	
0.00728657	0.00693543	0.00696636	0.00719517	0.00720352	0.00717006	0.00680333	0.00682755	0.00644923	0.00694577	0.00594258	0.00551933	0.00617324	0.00676126	0.00626239	0.00585322	0.00584691	0.00568448	0.00539925	0.00527824	0.00487768	0.00390113	0.00398258	0.00492032	0.00565279	0.00621748	0.00662753	0.00655635	0.007218	0.00665021	0.00302893	0.00743485	0.00728129	0.00640538	0.00634537	0.00630027	0.00595455	
0.00724726	0.00721654	0.00721395	0.00719642	0.00695554	0.0071383	0.00704022	0.00634836	0.00696454	0.00666243	0.00659469	0.00623855	0.0054769	0.00620079	0.00672392	0.00621588	0.0059639	0.00559587	0.00531002	0.00540677	0.00566886	0.00472845	0.00476971	0.00561558	0.00618293	0.00652683	0.00658485	0.00617224	0.00687708	0.00665485	0.00382491	0.00728129	0.00743485	0.00628985	0.00601776	0.00584872	0.00537607	
0.00631531	0.00604002	0.00669691	0.00704663	0.00703276	0.00676169	0.00646513	0.0069203	0.00590154	0.00674885	0.00503268	0.00515617	0.00637212	0.00633201	0.00632293	0.00645326	0.00656663	0.00634396	0.00562896	0.00534445	0.00419068	0.003486	0.00400367	0.00512807	0.00604612	0.00674965	0.00727149	0.00722478	0.00634445	0.00645997	0.00276715	0.00640538	0.00628985	0.00743485	0.00726006	0.00682745	0.00615448	
0.00602258	0.00551708	0.00619301	0.00679589	0.00708153	0.00676079	0.00632152	0.00722258	0.0052244	0.00702445	0.00433775	0.00434426	0.00693472	0.00682463	0.00596162	0.00620526	0.00661582	0.00667453	0.00607339	0.00559891	0.00342436	0.00272006	0.00313445	0.00420981	0.00518124	0.00603442	0.00688506	0.00724282	0.00659901	0.00660558	0.00207217	0.00634537	0.00601776	0.00726006	0.00743485	0.00727772	0.00684151	
0.00576498	0.00512798	0.0057483	0.00649687	0.00700041	0.00674884	0.00625111	0.00727606	0.00473312	0.00718908	0.00389885	0.00378744	0.00715748	0.00715878	0.00570481	0.00597113	0.00657553	0.00686316	0.00647822	0.00590299	0.00295229	0.00225602	0.00255602	0.00352888	0.00445889	0.00533913	0.00633473	0.00693634	0.00681902	0.0067489	0.00166575	0.00630027	0.00584872	0.00682745	0.00727772	0.00743485	0.00728279	
0.00526429	0.00451967	0.0050645	0.00591581	0.00661107	0.0063804	0.00580967	0.00704302	0.00404639	0.00700112	0.0032907	0.0031012	0.00714923	0.00719435	0.00511176	0.00538778	0.00615463	0.00666582	0.00649184	0.00580228	0.0023798	0.00174268	0.00195119	0.00278819	0.00363778	0.0045019	0.00559192	0.00641384	0.00670778	0.00649767	0.00124116	0.00595455	0.00537607	0.00615448	0.00684151	0.00728279	0.00743485	
