45	
1	
-0.0339096	
-0.145951	
-0.272686	
-0.428202	
-0.551673	
-0.636704	
-0.70086	
-0.723973	
-0.70812	
-0.679377	
-0.624914	
-0.536534	
-0.453827	
-0.385649	
-0.309362	
-0.255728	
-0.191315	
-0.126996	
-0.074231	
-0.0338535	
-0.0159633	
-0.00908401	
0.0193501	
-0.223881	
-0.348289	
-0.38329	
-0.467532	
-0.52401	
-0.52572	
-0.478992	
-0.00123719	
0.00896521	
-0.0428671	
-0.666301	
-0.633516	
-0.424185	
-0.339126	
-0.2739	
0.00927993	
-0.139708	
-0.791141	
0.0132825	
0.0222877	
0.0244569	
0.0256086	
