34	
34	
3.69041e-06	-4.06117e-07	-4.5516e-07	4.92706e-08	1.52913e-07	-2.84183e-08	-6.51734e-08	1.0716e-08	-2.2477e-09	-5.50691e-08	7.30418e-09	-4.28349e-08	-2.33494e-08	3.7016e-08	4.75064e-08	9.49223e-09	-4.98467e-08	-2.79734e-09	-2.45727e-08	-2.78319e-08	2.94319e-08	-1.09022e-08	1.23592e-08	2.60398e-09	-1.43796e-08	1.55905e-09	1.71024e-08	8.42509e-07	-5.11822e-07	-1.29342e-07	3.92414e-07	6.79196e-08	-7.33871e-07	5.71478e-08	
-4.06117e-07	1.93514e-06	3.09833e-07	-2.14194e-07	1.0106e-07	7.79976e-08	-6.92332e-08	3.35739e-08	7.51885e-08	-2.98456e-08	-2.21279e-08	1.14332e-08	-9.56408e-09	-1.98642e-08	3.74844e-08	4.31415e-08	-1.006e-07	-3.88993e-08	4.18604e-08	9.7057e-09	-2.53815e-08	2.10126e-09	1.71063e-09	-2.28979e-09	3.14369e-09	-7.22872e-10	-9.42921e-10	1.09843e-06	-4.23023e-07	1.02804e-08	-1.62635e-07	-7.78839e-08	-1.13523e-07	4.4697e-08	
-4.5516e-07	3.09833e-07	1.39349e-06	6.25748e-07	-1.66377e-07	-9.12844e-08	1.01953e-07	-3.24797e-08	-9.20965e-08	5.98021e-08	3.82375e-08	-7.86357e-08	1.4418e-08	6.56764e-08	-6.68851e-08	-9.68468e-08	4.12478e-08	3.38244e-08	-1.01506e-07	-3.1819e-08	7.27735e-08	-1.11694e-08	1.32553e-08	4.28832e-09	-2.08563e-08	4.70608e-09	1.89295e-08	-1.45376e-06	-5.88844e-07	-2.76128e-07	2.39179e-07	6.74253e-08	-4.99292e-07	9.31903e-08	
4.92706e-08	-2.14194e-07	6.25748e-07	1.22675e-06	6.79115e-07	-7.40657e-08	-1.38358e-07	7.69401e-08	-2.33483e-09	-9.48401e-08	3.62438e-08	1.74835e-08	-6.44042e-08	8.25829e-08	7.68747e-08	-5.91179e-08	-1.66364e-08	5.00669e-08	-1.03294e-07	-5.63771e-08	8.73085e-08	2.73967e-08	3.61831e-08	-5.55302e-09	-3.74809e-08	1.37368e-08	2.47009e-08	-3.11519e-07	-3.45691e-07	-8.8479e-08	-4.69824e-08	6.9135e-08	-8.59886e-07	7.55156e-08	
1.52913e-07	1.0106e-07	-1.66377e-07	6.79115e-07	1.0869e-06	4.21927e-07	-1.29211e-07	-2.87448e-08	7.48447e-08	-3.09813e-08	-2.75764e-08	-1.07442e-08	-8.83203e-09	2.66953e-08	3.3649e-08	1.85729e-09	-5.24767e-08	-3.0638e-09	-2.71362e-08	-2.47999e-08	2.82189e-08	3.76032e-09	1.43359e-08	-9.38049e-10	-1.47856e-08	3.92267e-09	1.31019e-08	4.76687e-07	-2.95761e-07	2.05296e-08	-2.6367e-07	2.00629e-08	-8.43852e-07	9.35891e-08	
-2.84183e-08	7.79976e-08	-9.12844e-08	-7.40657e-08	4.21927e-07	7.55777e-07	4.10206e-07	-8.51461e-08	-9.47975e-08	1.08538e-07	1.29203e-08	-4.9131e-08	4.4247e-08	1.93419e-08	-8.86489e-08	-7.10517e-08	6.41966e-08	2.09295e-08	-4.53447e-08	6.32373e-09	2.06818e-08	5.70489e-09	-5.31647e-10	-5.78622e-10	-1.547e-09	2.46821e-09	-2.80644e-09	3.98127e-08	-1.75279e-07	-2.83976e-07	-5.18886e-07	-4.10347e-08	-4.31284e-07	2.53566e-08	
-6.51734e-08	-6.92332e-08	1.01953e-07	-1.38358e-07	-1.29211e-07	4.10206e-07	8.28209e-07	4.08175e-07	-7.98719e-08	-3.67552e-08	7.54771e-08	-6.28934e-08	-3.57284e-08	5.70565e-08	4.6523e-09	-3.0464e-08	-2.99431e-08	2.43952e-09	-3.3688e-08	-2.09506e-08	3.20427e-08	-1.21187e-08	9.21593e-09	2.83991e-09	-1.21717e-08	1.57067e-09	1.44864e-08	-4.63846e-07	6.43609e-08	-5.69515e-07	-9.07358e-07	4.67751e-08	1.30679e-07	4.15682e-08	
1.0716e-08	3.35739e-08	-3.24797e-08	7.69401e-08	-2.87448e-08	-8.51461e-08	4.08175e-07	8.38922e-07	3.93533e-07	-1.41781e-07	-5.91911e-08	1.37325e-07	-4.47557e-08	-5.83051e-08	8.44887e-08	1.24024e-07	5.54399e-08	-1.95401e-08	5.44657e-08	1.16766e-10	-2.98833e-08	-2.11741e-08	-8.40347e-09	5.42895e-09	8.35106e-09	-6.96366e-09	-8.96299e-10	-1.69074e-07	-4.29359e-08	-7.83783e-07	-9.53867e-07	1.8941e-07	2.94182e-07	-1.38855e-07	
-2.2477e-09	7.51885e-08	-9.20965e-08	-2.33483e-09	7.48447e-08	-9.47975e-08	-7.98719e-08	3.93533e-07	7.54981e-07	3.54046e-07	-1.21222e-07	-1.29131e-07	1.19523e-07	-8.76785e-08	-1.63284e-07	8.26288e-08	4.16443e-08	-1.0916e-07	2.11715e-08	5.54841e-08	-2.97044e-08	-8.73183e-08	-2.06169e-08	1.9167e-08	1.87636e-08	-1.57376e-08	5.43558e-09	-5.8304e-09	3.60151e-08	-7.46787e-08	-4.1393e-07	7.72114e-08	1.9332e-07	-6.54838e-09	
-5.50691e-08	-2.98456e-08	5.98021e-08	-9.48401e-08	-3.09813e-08	1.08538e-07	-3.67552e-08	-1.41781e-07	3.54046e-07	8.1472e-07	3.82965e-07	-2.05747e-07	-5.06124e-08	1.54762e-07	-6.5173e-08	-1.54697e-07	-2.03748e-08	3.95099e-08	-1.25794e-07	-4.75417e-08	9.70345e-08	-1.92943e-08	1.99893e-08	5.64241e-09	-2.98037e-08	6.36382e-09	2.99315e-08	-3.27014e-07	-3.79398e-08	7.82525e-08	6.41204e-08	5.13661e-08	4.77834e-08	1.37362e-07	
7.30418e-09	-2.21279e-08	3.82375e-08	3.62438e-08	-2.75764e-08	1.29203e-08	7.54771e-08	-5.91911e-08	-1.21222e-07	3.82965e-07	7.84196e-07	3.58357e-07	-1.91903e-07	-2.46283e-08	2.38991e-07	1.08058e-07	-1.80778e-07	-6.01047e-09	1.19525e-07	-3.70249e-08	-4.97481e-08	4.27904e-09	-2.13883e-09	-2.04102e-09	4.26192e-09	-4.40745e-09	2.82818e-09	-1.30103e-08	-4.59566e-08	-5.48194e-08	-9.33537e-09	8.92115e-08	-3.70174e-08	-5.7744e-08	
-4.28349e-08	1.14332e-08	-7.86357e-08	1.74835e-08	-1.07442e-08	-4.9131e-08	-6.28934e-08	1.37325e-07	-1.29131e-07	-2.05747e-07	3.58357e-07	2.78256e-06	2.38488e-07	-5.96526e-07	-3.54717e-07	5.11389e-08	1.34503e-07	-2.05062e-08	1.1895e-07	8.27641e-08	-8.00807e-08	-5.90292e-08	-3.07294e-08	7.39594e-09	3.68618e-08	-1.31595e-08	-2.27881e-08	6.86036e-07	2.47131e-07	-4.87976e-07	-4.32856e-07	6.12589e-08	2.59157e-08	-1.11412e-06	
-2.33494e-08	-9.56408e-09	1.4418e-08	-6.44042e-08	-8.83203e-09	4.4247e-08	-3.57284e-08	-4.47557e-08	1.19523e-07	-5.06124e-08	-1.91903e-07	2.38488e-07	1.44327e-06	7.66205e-07	-2.72125e-07	-6.37915e-07	2.62474e-07	2.81108e-07	-3.66348e-07	-5.57767e-08	2.19323e-07	1.35255e-07	5.36437e-08	-2.88895e-08	-6.03621e-08	4.26484e-08	3.96344e-09	-2.0536e-07	-2.72333e-08	8.6348e-08	7.70549e-08	-3.75286e-07	4.51217e-08	4.03225e-07	
3.7016e-08	-1.98642e-08	6.56764e-08	8.25829e-08	2.66953e-08	1.93419e-08	5.70565e-08	-5.83051e-08	-8.76785e-08	1.54762e-07	-2.46283e-08	-5.96526e-07	7.66205e-07	3.07665e-06	2.91168e-06	-5.5539e-08	-1.14616e-06	4.0334e-07	7.39596e-07	-1.69067e-07	-3.43519e-07	3.47739e-07	8.27633e-09	-9.32642e-08	4.01661e-08	2.38922e-08	-8.78812e-08	-1.45376e-08	-1.56215e-07	1.40081e-08	5.09753e-08	-3.53214e-07	-1.67614e-07	-1.06026e-07	
4.75064e-08	3.74844e-08	-6.68851e-08	7.68747e-08	3.3649e-08	-8.86489e-08	4.6523e-09	8.44887e-08	-1.63284e-07	-6.5173e-08	2.38991e-07	-3.54717e-07	-2.72125e-07	2.91168e-06	6.65949e-06	3.04989e-06	-2.25308e-06	-1.22694e-06	1.3792e-06	8.53214e-07	-9.25588e-07	7.37139e-08	8.00566e-08	-9.79701e-08	1.61751e-07	-2.50324e-09	-1.44097e-07	2.64034e-07	-5.10172e-08	-9.02217e-08	-7.41939e-08	-2.37018e-06	-1.80215e-08	-3.43094e-06	
9.49223e-09	4.31415e-08	-9.68468e-08	-5.91179e-08	1.85729e-09	-7.10517e-08	-3.0464e-08	1.24024e-07	8.26288e-08	-1.54697e-07	1.08058e-07	5.11389e-08	-6.37915e-07	-5.5539e-08	3.04989e-06	1.29955e-05	1.41259e-05	1.77473e-07	-3.32653e-06	5.98041e-07	1.21206e-06	-1.91743e-07	-4.17448e-08	1.02053e-07	-9.14177e-08	5.42017e-08	-4.58504e-08	3.85067e-08	2.34314e-07	-2.92975e-10	-3.85883e-08	-9.72948e-07	1.65675e-07	1.56136e-06	
-4.98467e-08	-1.006e-07	4.12478e-08	-1.66364e-08	-5.24767e-08	6.41966e-08	-2.99431e-08	5.54399e-08	4.16443e-08	-2.03748e-08	-1.80778e-07	1.34503e-07	2.62474e-07	-1.14616e-06	-2.25308e-06	1.41259e-05	3.6512e-05	1.96135e-05	3.22752e-07	-4.15819e-06	1.43465e-06	1.16408e-06	-2.88786e-07	-2.84299e-07	-1.99873e-07	2.0345e-07	-2.19777e-08	1.04892e-06	7.4203e-07	-5.13331e-07	-9.58914e-07	-4.00722e-06	1.83829e-08	5.88024e-06	
-2.79734e-09	-3.88993e-08	3.38244e-08	5.00669e-08	-3.0638e-09	2.09295e-08	2.43952e-09	-1.95401e-08	-1.0916e-07	3.95099e-08	-6.01047e-09	-2.05062e-08	2.81108e-07	4.0334e-07	-1.22694e-06	1.77473e-07	1.96135e-05	3.43156e-05	2.29912e-05	-7.80328e-08	-4.77125e-06	-8.98554e-07	4.36829e-07	-8.44215e-08	3.50538e-07	-3.20684e-07	3.7898e-07	3.79712e-07	5.0474e-08	-1.31043e-07	-2.99891e-07	-6.23015e-06	-6.97502e-08	6.62681e-07	
-2.45727e-08	4.18604e-08	-1.01506e-07	-1.03294e-07	-2.71362e-08	-4.53447e-08	-3.3688e-08	5.44657e-08	2.11715e-08	-1.25794e-07	1.19525e-07	1.1895e-07	-3.66348e-07	7.39596e-07	1.3792e-06	-3.32653e-06	3.22752e-07	2.29912e-05	3.48949e-05	1.98177e-05	-1.74119e-06	-5.34333e-06	9.65915e-07	1.07258e-06	1.16511e-07	-5.50652e-07	6.4616e-07	-2.5081e-07	1.28062e-08	7.34644e-08	7.2693e-08	-2.78029e-06	2.40087e-07	-1.08918e-06	
-2.78319e-08	9.7057e-09	-3.1819e-08	-5.63771e-08	-2.47999e-08	6.32373e-09	-2.09506e-08	1.16766e-10	5.54841e-08	-4.75417e-08	-3.70249e-08	8.27641e-08	-5.57767e-08	-1.69067e-07	8.53214e-07	5.98041e-07	-4.15819e-06	-7.80328e-08	1.98177e-05	3.4062e-05	1.89372e-05	-1.24103e-06	-1.76995e-06	9.27525e-07	-6.49984e-07	1.44366e-07	-3.81289e-08	-1.03555e-07	2.22746e-08	-6.04619e-08	-3.08245e-09	2.77853e-07	1.07936e-07	5.74074e-07	
2.94319e-08	-2.53815e-08	7.27735e-08	8.73085e-08	2.82189e-08	2.06818e-08	3.20427e-08	-2.98833e-08	-2.97044e-08	9.70345e-08	-4.97481e-08	-8.00807e-08	2.19323e-07	-3.43519e-07	-9.25588e-07	1.21206e-06	1.43465e-06	-4.77125e-06	-1.74119e-06	1.89372e-05	3.62351e-05	1.85706e-05	-2.78656e-06	-2.24007e-06	1.1282e-06	2.99837e-07	-8.15177e-07	1.65694e-07	-2.40391e-08	3.07534e-09	-1.72072e-08	1.17674e-07	-1.86888e-07	-1.45121e-07	
-1.09022e-08	2.10126e-09	-1.11694e-08	2.73967e-08	3.76032e-09	5.70489e-09	-1.21187e-08	-2.11741e-08	-8.73183e-08	-1.92943e-08	4.27904e-09	-5.90292e-08	1.35255e-07	3.47739e-07	7.37139e-08	-1.91743e-07	1.16408e-06	-8.98554e-07	-5.34333e-06	-1.24103e-06	1.85706e-05	4.0712e-05	2.32905e-05	-2.25579e-06	-2.87748e-06	1.61343e-06	9.27555e-07	1.10916e-07	-1.30592e-07	-1.69952e-07	-1.34774e-07	7.89447e-08	-7.05619e-09	1.97136e-06	
1.23592e-08	1.71063e-09	1.32553e-08	3.61831e-08	1.43359e-08	-5.31647e-10	9.21593e-09	-8.40347e-09	-2.06169e-08	1.99893e-08	-2.13883e-09	-3.07294e-08	5.36437e-08	8.27633e-09	8.00566e-08	-4.17448e-08	-2.88786e-07	4.36829e-07	9.65915e-07	-1.76995e-06	-2.78656e-06	2.32905e-05	4.44509e-05	2.10135e-05	-4.25152e-06	-2.66096e-06	2.15116e-06	2.59965e-08	-6.21768e-08	-1.29511e-08	9.23193e-09	-2.10067e-07	-5.42073e-08	1.52665e-07	
2.60398e-09	-2.28979e-09	4.28832e-09	-5.55302e-09	-9.38049e-10	-5.78622e-10	2.83991e-09	5.42895e-09	1.9167e-08	5.64241e-09	-2.04102e-09	7.39594e-09	-2.88895e-08	-9.32642e-08	-9.79701e-08	1.02053e-07	-2.84299e-07	-8.44215e-08	1.07258e-06	9.27525e-07	-2.24007e-06	-2.25579e-06	2.10135e-05	3.87639e-05	1.87729e-05	-2.43893e-06	-3.59791e-06	-1.01183e-08	3.96669e-08	3.55236e-08	2.24029e-08	2.33293e-08	-2.20655e-09	-4.56468e-07	
-1.43796e-08	3.14369e-09	-2.08563e-08	-3.74809e-08	-1.47856e-08	-1.547e-09	-1.21717e-08	8.35106e-09	1.87636e-08	-2.98037e-08	4.26192e-09	3.68618e-08	-6.03621e-08	4.01661e-08	1.61751e-07	-9.14177e-08	-1.99873e-07	3.50538e-07	1.16511e-07	-6.49984e-07	1.1282e-06	-2.87748e-06	-4.25152e-06	1.87729e-05	3.8548e-05	1.87003e-05	-1.30712e-06	-4.12166e-08	3.9373e-08	-4.77523e-09	-9.58652e-09	1.83385e-07	6.72395e-08	4.90284e-08	
1.55905e-09	-7.22872e-10	4.70608e-09	1.37368e-08	3.92267e-09	2.46821e-09	1.57067e-09	-6.96366e-09	-1.57376e-08	6.36382e-09	-4.40745e-09	-1.31595e-08	4.26484e-08	2.38922e-08	-2.50324e-09	5.42017e-08	2.0345e-07	-3.20684e-07	-5.50652e-07	1.44366e-07	2.99837e-07	1.61343e-06	-2.66096e-06	-2.43893e-06	1.87003e-05	3.73217e-05	1.46544e-05	2.33725e-08	-3.16877e-08	-2.51472e-08	-1.60371e-08	-5.28887e-08	-1.87723e-08	2.97004e-07	
1.71024e-08	-9.42921e-10	1.89295e-08	2.47009e-08	1.31019e-08	-2.80644e-09	1.44864e-08	-8.96299e-10	5.43558e-09	2.99315e-08	2.82818e-09	-2.27881e-08	3.96344e-09	-8.78812e-08	-1.44097e-07	-4.58504e-08	-2.19777e-08	3.7898e-07	6.4616e-07	-3.81289e-08	-8.15177e-07	9.27555e-07	2.15116e-06	-3.59791e-06	-1.30712e-06	1.46544e-05	5.0717e-05	-1.56559e-08	-1.10931e-08	6.47171e-08	6.20646e-08	-1.36517e-07	-5.38262e-08	-6.2586e-07	
8.42509e-07	1.09843e-06	-1.45376e-06	-3.11519e-07	4.76687e-07	3.98127e-08	-4.63846e-07	-1.69074e-07	-5.8304e-09	-3.27014e-07	-1.30103e-08	6.86036e-07	-2.0536e-07	-1.45376e-08	2.64034e-07	3.85067e-08	1.04892e-06	3.79712e-07	-2.5081e-07	-1.03555e-07	1.65694e-07	1.10916e-07	2.59965e-08	-1.01183e-08	-4.12166e-08	2.33725e-08	-1.56559e-08	2.56805e-05	1.77001e-05	3.23657e-06	-4.89857e-07	1.01906e-06	-4.09073e-07	-9.03229e-07	
-5.11822e-07	-4.23023e-07	-5.88844e-07	-3.45691e-07	-2.95761e-07	-1.75279e-07	6.43609e-08	-4.29359e-08	3.60151e-08	-3.79398e-08	-4.59566e-08	2.47131e-07	-2.72333e-08	-1.56215e-07	-5.10172e-08	2.34314e-07	7.4203e-07	5.0474e-08	1.28062e-08	2.22746e-08	-2.40391e-08	-1.30592e-07	-6.21768e-08	3.96669e-08	3.9373e-08	-3.16877e-08	-1.10931e-08	1.77001e-05	5.01502e-05	6.12241e-06	-3.41686e-06	1.03588e-06	1.76508e-05	-7.31158e-07	
-1.29342e-07	1.02804e-08	-2.76128e-07	-8.8479e-08	2.05296e-08	-2.83976e-07	-5.69515e-07	-7.83783e-07	-7.46787e-08	7.82525e-08	-5.48194e-08	-4.87976e-07	8.6348e-08	1.40081e-08	-9.02217e-08	-2.92975e-10	-5.13331e-07	-1.31043e-07	7.34644e-08	-6.04619e-08	3.07534e-09	-1.69952e-07	-1.29511e-08	3.55236e-08	-4.77523e-09	-2.51472e-08	6.47171e-08	3.23657e-06	6.12241e-06	1.84302e-05	1.65136e-05	6.13083e-08	4.0164e-06	2.91436e-07	
3.92414e-07	-1.62635e-07	2.39179e-07	-4.69824e-08	-2.6367e-07	-5.18886e-07	-9.07358e-07	-9.53867e-07	-4.1393e-07	6.41204e-08	-9.33537e-09	-4.32856e-07	7.70549e-08	5.09753e-08	-7.41939e-08	-3.85883e-08	-9.58914e-07	-2.99891e-07	7.2693e-08	-3.08245e-09	-1.72072e-08	-1.34774e-07	9.23193e-09	2.24029e-08	-9.58652e-09	-1.60371e-08	6.20646e-08	-4.89857e-07	-3.41686e-06	1.65136e-05	3.22859e-05	-5.67677e-07	-1.25531e-06	1.11789e-06	
6.79196e-08	-7.78839e-08	6.74253e-08	6.9135e-08	2.00629e-08	-4.10347e-08	4.67751e-08	1.8941e-07	7.72114e-08	5.13661e-08	8.92115e-08	6.12589e-08	-3.75286e-07	-3.53214e-07	-2.37018e-06	-9.72948e-07	-4.00722e-06	-6.23015e-06	-2.78029e-06	2.77853e-07	1.17674e-07	7.89447e-08	-2.10067e-07	2.33293e-08	1.83385e-07	-5.28887e-08	-1.36517e-07	1.01906e-06	1.03588e-06	6.13083e-08	-5.67677e-07	6.08669e-05	-1.62219e-07	-9.47828e-06	
-7.33871e-07	-1.13523e-07	-4.99292e-07	-8.59886e-07	-8.43852e-07	-4.31284e-07	1.30679e-07	2.94182e-07	1.9332e-07	4.77834e-08	-3.70174e-08	2.59157e-08	4.51217e-08	-1.67614e-07	-1.80215e-08	1.65675e-07	1.83829e-08	-6.97502e-08	2.40087e-07	1.07936e-07	-1.86888e-07	-7.05619e-09	-5.42073e-08	-2.20655e-09	6.72395e-08	-1.87723e-08	-5.38262e-08	-4.09073e-07	1.76508e-05	4.0164e-06	-1.25531e-06	-1.62219e-07	2.04864e-05	-4.13315e-07	
5.71478e-08	4.4697e-08	9.31903e-08	7.55156e-08	9.35891e-08	2.53566e-08	4.15682e-08	-1.38855e-07	-6.54838e-09	1.37362e-07	-5.7744e-08	-1.11412e-06	4.03225e-07	-1.06026e-07	-3.43094e-06	1.56136e-06	5.88024e-06	6.62681e-07	-1.08918e-06	5.74074e-07	-1.45121e-07	1.97136e-06	1.52665e-07	-4.56468e-07	4.90284e-08	2.97004e-07	-6.2586e-07	-9.03229e-07	-7.31158e-07	2.91436e-07	1.11789e-06	-9.47828e-06	-4.13315e-07	0.000103274	
