34	
34	
0.314631	0.28966	0.230874	0.158667	0.0926412	0.0460012	0.0194208	0.00688855	0.00211158	0.000478192	0.000104654	1.98039e-05	3.12471e-06	3.44891e-07	3.90098e-08	3.76302e-09	3.06192e-10	1.63506e-11	9.66071e-13	4.86625e-14	2.09083e-15	7.55943e-17	2.28636e-18	5.99946e-20	1.37218e-21	2.68356e-23	4.41134e-25	0.229467	0.157735	0.0463333	0.0200424	6.33082e-11	0.121573	1.07161e-07	
0.28966	0.314631	0.290428	0.228388	0.152679	0.0866414	0.0413398	0.0166069	0.00589604	0.0015659	0.000396693	8.85467e-05	1.58893e-05	2.06173e-06	2.69046e-07	3.07012e-08	2.95387e-09	1.84746e-10	1.25679e-11	7.25209e-13	3.54628e-14	1.43815e-15	4.89645e-17	1.47394e-18	3.9358e-20	8.99566e-22	1.73901e-23	0.285414	0.230987	0.0792312	0.0377443	6.2301e-10	0.196053	6.43624e-07	
0.230874	0.290428	0.314631	0.290107	0.227432	0.151338	0.0845581	0.0398038	0.0165881	0.00525266	0.00156189	0.000409554	8.61492e-05	1.33294e-05	2.04141e-06	2.73972e-07	3.09898e-08	2.31094e-09	1.84422e-10	1.24803e-11	7.15305e-13	3.39599e-14	1.35397e-15	4.77976e-17	1.49905e-18	4.02363e-20	9.14334e-22	0.282629	0.264843	0.135294	0.0742338	7.15545e-09	0.258882	4.48601e-06	
0.158667	0.228388	0.290107	0.314631	0.290114	0.227187	0.149724	0.0831391	0.0406331	0.0153357	0.00534867	0.00163562	0.000405434	7.47151e-05	1.34352e-05	2.10385e-06	2.77566e-07	2.46824e-08	2.31314e-09	1.84095e-10	1.24285e-11	6.97634e-13	3.28548e-14	1.36327e-15	5.00356e-17	1.57084e-18	4.171e-20	0.232254	0.249156	0.204127	0.130453	7.17512e-08	0.283641	2.77361e-05	
0.0926412	0.152679	0.227432	0.290114	0.314631	0.289944	0.225336	0.147575	0.084597	0.0380606	0.0155722	0.00555582	0.00162267	0.00035622	7.52158e-05	1.3749e-05	2.11669e-06	2.2448e-07	2.47064e-08	2.31244e-09	1.83872e-10	1.21988e-11	6.78424e-13	3.30883e-14	1.42158e-15	5.22156e-17	1.62065e-18	0.162441	0.199615	0.261511	0.194585	6.1203e-07	0.264549	0.000145727	
0.0460012	0.0866414	0.151338	0.227187	0.289944	0.314631	0.288707	0.223252	0.150096	0.0804996	0.0386346	0.0160642	0.00553322	0.00144683	0.000358774	7.64632e-05	1.37199e-05	1.73545e-06	2.24368e-07	2.47095e-08	2.31605e-09	1.81909e-10	1.1964e-11	6.86161e-13	3.44907e-14	1.48134e-15	5.36952e-17	0.0960415	0.134954	0.286122	0.248334	4.45335e-06	0.208601	0.000654666	
0.0194208	0.0413398	0.0845581	0.149724	0.225336	0.288707	0.314631	0.288825	0.227437	0.145283	0.081697	0.0393135	0.0160361	0.00498644	0.00145195	0.00035807	7.43204e-05	1.12077e-05	1.70277e-06	2.21081e-07	2.45222e-08	2.29901e-09	1.80098e-10	1.21641e-11	7.12712e-13	3.56463e-14	1.50024e-15	0.0466377	0.074153	0.271302	0.277273	2.76151e-05	0.134951	0.00254606	
0.00688855	0.0166069	0.0398038	0.0831391	0.147575	0.223252	0.288825	0.314631	0.290379	0.221065	0.145744	0.0812903	0.0392603	0.0145285	0.00496983	0.0014205	0.000341598	6.14489e-05	1.09753e-05	1.68024e-06	2.20515e-07	2.46574e-08	2.29923e-09	1.82924e-10	1.25057e-11	7.29162e-13	3.56795e-14	0.0191391	0.0345025	0.215969	0.259636	0.000144904	0.0738523	0.0083473	
0.00211158	0.00589604	0.0165881	0.0406331	0.084597	0.150096	0.227437	0.290379	0.314631	0.28564	0.221077	0.144874	0.082035	0.0362058	0.0145378	0.00488766	0.00138201	0.000296469	6.21288e-05	1.11568e-05	1.71652e-06	2.24748e-07	2.45464e-08	2.29063e-09	1.83957e-10	1.25979e-11	7.24725e-13	0.00728914	0.0152162	0.141963	0.196611	0.000641922	0.0375177	0.0224303	
0.000478192	0.0015659	0.00525266	0.0153357	0.0380606	0.0804996	0.145283	0.221065	0.28564	0.314631	0.29039	0.226881	0.153136	0.0820007	0.0392661	0.0157578	0.00531613	0.00138379	0.0003457	7.4005e-05	1.35694e-05	2.11641e-06	2.75378e-07	3.06307e-08	2.93403e-09	2.39608e-10	1.64492e-11	0.00208199	0.00509647	0.0746162	0.120941	0.00273814	0.0147049	0.0553949	
0.000104654	0.000396693	0.00156189	0.00534867	0.0155722	0.0386346	0.081697	0.145744	0.221077	0.29039	0.314631	0.288712	0.228534	0.145942	0.0820329	0.0387081	0.0153486	0.00476448	0.00139663	0.000350748	7.54121e-05	1.37794e-05	2.10089e-06	2.74132e-07	3.08399e-08	2.95755e-09	2.38632e-10	0.000565058	0.00160083	0.0350604	0.0655021	0.00866587	0.00532344	0.106427	
1.98039e-05	8.85467e-05	0.000409554	0.00163562	0.00555582	0.0160642	0.0393135	0.0812903	0.144874	0.226881	0.288712	0.314631	0.289404	0.220659	0.145391	0.0816529	0.0385188	0.0142452	0.00488814	0.00143271	0.000358076	7.53867e-05	1.32722e-05	2.02275e-06	2.68652e-07	3.04317e-08	2.91194e-09	0.000140938	0.00047037	0.013649	0.0288479	0.0229827	0.0017694	0.16734	
3.12471e-06	1.58893e-05	8.61492e-05	0.000405434	0.00162267	0.00553322	0.0160361	0.0392603	0.082035	0.153136	0.228534	0.289404	0.314631	0.285619	0.221063	0.144291	0.0790819	0.0348871	0.014069	0.0048578	0.00143415	0.000358913	7.49949e-05	1.34534e-05	2.08756e-06	2.76065e-07	3.0777e-08	2.60705e-05	9.90388e-05	0.00479388	0.0118732	0.0534565	0.000436524	0.241828	
3.44891e-07	2.06173e-06	1.33294e-05	7.47151e-05	0.00035622	0.00144683	0.00498644	0.0145285	0.0362058	0.0820007	0.145942	0.220659	0.285619	0.314631	0.290362	0.226577	0.148395	0.0794263	0.0381729	0.0157023	0.00551869	0.00164176	0.000407929	8.71784e-05	1.61456e-05	2.54806e-06	3.39387e-07	3.65768e-06	1.63307e-05	0.00122149	0.00353226	0.110716	8.40318e-05	0.289105	
3.90098e-08	2.69046e-07	2.04141e-06	1.34352e-05	7.52158e-05	0.000358774	0.00145195	0.00496983	0.0145378	0.0392661	0.0820329	0.145391	0.221063	0.290362	0.314631	0.288065	0.221281	0.141268	0.0796998	0.0384965	0.0158896	0.00555405	0.00162127	0.000406768	8.84e-05	1.63663e-05	2.55806e-06	5.07589e-07	2.61474e-06	0.000298885	0.00099953	0.182145	1.5558e-05	0.289913	
3.76302e-09	3.07012e-08	2.73972e-07	2.10385e-06	1.3749e-05	7.64632e-05	0.00035807	0.0014205	0.00488766	0.0157578	0.0387081	0.0816529	0.144291	0.226577	0.288065	0.314631	0.288192	0.219435	0.145042	0.0818091	0.0392601	0.0158025	0.00532449	0.00156132	0.000401221	8.78861e-05	1.63231e-05	6.50246e-08	3.9568e-07	5.93674e-05	0.0002244	0.249936	2.66084e-06	0.23451	
3.06192e-10	2.95387e-09	3.09898e-08	2.77566e-07	2.11669e-06	1.37199e-05	7.43204e-05	0.000341598	0.00138201	0.00531613	0.0153486	0.0385188	0.0790819	0.148395	0.221281	0.288192	0.314631	0.285605	0.221087	0.145565	0.0811925	0.0376209	0.0146267	0.00501099	0.00152204	0.000394296	8.69836e-05	7.02105e-09	5.04468e-08	9.93033e-06	4.24137e-05	0.287469	3.83303e-07	0.15921	
1.63506e-11	1.84746e-10	2.31094e-09	2.46824e-08	2.2448e-07	1.73545e-06	1.12077e-05	6.14489e-05	0.000296469	0.00138379	0.00476448	0.0142452	0.0348871	0.0794263	0.141268	0.219435	0.285605	0.314631	0.290416	0.228046	0.151697	0.0838369	0.0388761	0.0158813	0.00575179	0.00177624	0.000467342	4.70842e-10	3.96222e-09	1.23497e-06	6.18192e-06	0.290144	3.52797e-08	0.0931748	
9.66071e-13	1.25679e-11	1.84422e-10	2.31314e-09	2.47064e-08	2.24368e-07	1.70277e-06	1.09753e-05	6.21288e-05	0.0003457	0.00139663	0.00488814	0.014069	0.0381729	0.0796998	0.145042	0.221087	0.290416	0.314631	0.290142	0.226764	0.147423	0.0803919	0.0385567	0.0163725	0.00592609	0.00182752	3.39261e-11	3.28751e-10	1.58201e-07	9.17092e-07	0.248575	3.38957e-09	0.0488171	
4.86625e-14	7.25209e-13	1.24803e-11	1.84095e-10	2.31244e-09	2.47095e-08	2.21081e-07	1.68024e-06	1.11568e-05	7.4005e-05	0.000350748	0.00143271	0.0048578	0.0157023	0.0384965	0.0818091	0.145565	0.228046	0.290142	0.314631	0.289569	0.222419	0.143181	0.0807109	0.0401256	0.0169955	0.00612805	2.05035e-12	2.277e-11	1.74694e-08	1.17857e-07	0.182898	2.73191e-10	0.0221085	
2.09083e-15	3.54628e-14	7.15305e-13	1.24285e-11	1.83872e-10	2.31605e-09	2.45222e-08	2.20515e-07	1.71652e-06	1.35694e-05	7.54121e-05	0.000358076	0.00143415	0.00551869	0.0158896	0.0392601	0.0811925	0.151697	0.226764	0.289569	0.314631	0.287007	0.219098	0.145322	0.084414	0.0417453	0.0175415	1.03548e-13	1.30982e-12	1.66627e-09	1.31599e-08	0.11537	1.83948e-11	0.00865953	
7.55943e-17	1.43815e-15	3.39599e-14	6.97634e-13	1.21988e-11	1.81909e-10	2.29901e-09	2.46574e-08	2.24748e-07	2.11641e-06	1.37794e-05	7.53867e-05	0.000358913	0.00164176	0.00555405	0.0158025	0.0376209	0.0838369	0.147423	0.222419	0.287007	0.314631	0.287799	0.225211	0.152178	0.0874369	0.0425076	4.20172e-15	5.97142e-14	1.37698e-10	1.29036e-09	0.0621077	9.94897e-13	0.00295123	
2.28636e-18	4.89645e-17	1.35397e-15	3.28548e-14	6.78424e-13	1.1964e-11	1.80098e-10	2.29923e-09	2.45464e-08	2.75378e-07	2.10089e-06	1.32722e-05	7.49949e-05	0.000407929	0.00162127	0.00532449	0.0146267	0.0388761	0.0803919	0.143181	0.219098	0.287799	0.314631	0.29028	0.228417	0.152667	0.0860214	1.44263e-16	2.31129e-15	9.45033e-12	1.04726e-10	0.027868	4.55329e-14	0.00083436	
5.99946e-20	1.47394e-18	4.77976e-17	1.36327e-15	3.30883e-14	6.86161e-13	1.21641e-11	1.82924e-10	2.29063e-09	3.06307e-08	2.74132e-07	2.02275e-06	1.34534e-05	8.71784e-05	0.000406768	0.00156132	0.00501099	0.0158813	0.0385567	0.0807109	0.145322	0.225211	0.29028	0.314631	0.28995	0.226859	0.149549	4.56344e-18	8.39012e-17	5.41522e-13	6.97286e-12	0.0106377	1.92034e-15	0.000195723	
1.37218e-21	3.9358e-20	1.49905e-18	5.00356e-17	1.42158e-15	3.44907e-14	7.12712e-13	1.25057e-11	1.83957e-10	2.93403e-09	3.08399e-08	2.68652e-07	2.08756e-06	1.61456e-05	8.84e-05	0.000401221	0.00152204	0.00575179	0.0163725	0.0401256	0.084414	0.152178	0.228417	0.28995	0.314631	0.289903	0.225567	1.33014e-19	2.85324e-18	2.61285e-14	3.84701e-13	0.00348561	7.46663e-17	3.84952e-05	
2.68356e-23	8.99566e-22	4.02363e-20	1.57084e-18	5.22156e-17	1.48134e-15	3.56463e-14	7.29162e-13	1.25979e-11	2.39608e-10	2.95755e-09	3.04317e-08	2.76065e-07	2.54806e-06	1.63663e-05	8.78861e-05	0.000394296	0.00177624	0.00592609	0.0169955	0.0417453	0.0874369	0.152667	0.226859	0.289903	0.314631	0.289058	3.32701e-21	8.33434e-20	1.0742e-15	1.80607e-14	0.000971781	2.49034e-18	6.43618e-06	
4.41134e-25	1.73901e-23	9.14334e-22	4.171e-20	1.62065e-18	5.36952e-17	1.50024e-15	3.56795e-14	7.24725e-13	1.64492e-11	2.38632e-10	2.91194e-09	3.0777e-08	3.39387e-07	2.55806e-06	1.63231e-05	8.69836e-05	0.000467342	0.00182752	0.00612805	0.0175415	0.0425076	0.0860214	0.149549	0.225567	0.289058	0.314631	7.12921e-23	2.09797e-21	3.67785e-17	7.02658e-16	0.000228317	7.12285e-20	8.98506e-07	
0.229467	0.285414	0.282629	0.232254	0.162441	0.0960415	0.0466377	0.0191391	0.00728914	0.00208199	0.000565058	0.000140938	2.60705e-05	3.65768e-06	5.07589e-07	6.50246e-08	7.02105e-09	4.70842e-10	3.39261e-11	2.05035e-12	1.03548e-13	4.20172e-15	1.44263e-16	4.56344e-18	1.33014e-19	3.32701e-21	7.12921e-23	0.314631	0.290257	0.0729935	0.0342757	1.33191e-09	0.242849	1.01753e-06	
0.157735	0.230987	0.264843	0.249156	0.199615	0.134954	0.074153	0.0345025	0.0152162	0.00509647	0.00160083	0.00047037	9.90388e-05	1.63307e-05	2.61474e-06	3.9568e-07	5.04468e-08	3.96222e-09	3.28751e-10	2.277e-11	1.30982e-12	5.97142e-14	2.31129e-15	8.39012e-17	2.85324e-18	8.33434e-20	2.09797e-21	0.290257	0.314631	0.0935692	0.048479	9.79956e-09	0.290436	4.58247e-06	
0.0463333	0.0792312	0.135294	0.204127	0.261511	0.286122	0.271302	0.215969	0.141963	0.0746162	0.0350604	0.013649	0.00479388	0.00122149	0.000298885	5.93674e-05	9.93033e-06	1.23497e-06	1.58201e-07	1.74694e-08	1.66627e-09	1.37698e-10	9.45033e-12	5.41522e-13	2.61285e-14	1.0742e-15	3.67785e-17	0.0729935	0.0935692	0.314631	0.290399	3.71744e-06	0.153794	0.000640555	
0.0200424	0.0377443	0.0742338	0.130453	0.194585	0.248334	0.277273	0.259636	0.196611	0.120941	0.0655021	0.0288479	0.0118732	0.00353226	0.00099953	0.0002244	4.24137e-05	6.18192e-06	9.17092e-07	1.17857e-07	1.31599e-08	1.29036e-09	1.04726e-10	6.97286e-12	3.84701e-13	1.80607e-14	7.02658e-16	0.0342757	0.048479	0.290399	0.314631	1.84055e-05	0.0935228	0.00212083	
6.33082e-11	6.2301e-10	7.15545e-09	7.17512e-08	6.1203e-07	4.45335e-06	2.76151e-05	0.000144904	0.000641922	0.00273814	0.00866587	0.0229827	0.0534565	0.110716	0.182145	0.249936	0.287469	0.290144	0.248575	0.182898	0.11537	0.0621077	0.027868	0.0106377	0.00348561	0.000971781	0.000228317	1.33191e-09	9.79956e-09	3.71744e-06	1.84055e-05	0.314631	8.63017e-08	0.141381	
0.121573	0.196053	0.258882	0.283641	0.264549	0.208601	0.134951	0.0738523	0.0375177	0.0147049	0.00532344	0.0017694	0.000436524	8.40318e-05	1.5558e-05	2.66084e-06	3.83303e-07	3.52797e-08	3.38957e-09	2.73191e-10	1.83948e-11	9.94897e-13	4.55329e-14	1.92034e-15	7.46663e-17	2.49034e-18	7.12285e-20	0.242849	0.290436	0.153794	0.0935228	8.63017e-08	0.314631	2.69943e-05	
1.07161e-07	6.43624e-07	4.48601e-06	2.77361e-05	0.000145727	0.000654666	0.00254606	0.0083473	0.0224303	0.0553949	0.106427	0.16734	0.241828	0.289105	0.289913	0.23451	0.15921	0.0931748	0.0488171	0.0221085	0.00865953	0.00295123	0.00083436	0.000195723	3.84952e-05	6.43618e-06	8.98506e-07	1.01753e-06	4.58247e-06	0.000640555	0.00212083	0.141381	2.69943e-05	0.314631	
