36	
36	
3.91869e-06	-6.41029e-07	1.02391e-07	1.05591e-07	-1.41346e-07	-4.25644e-08	1.62158e-08	1.39831e-08	2.12417e-08	2.02307e-08	-3.19439e-09	1.05844e-08	1.01587e-08	-2.26955e-09	-3.84486e-07	3.22511e-07	-2.74051e-07	-1.64151e-08	3.72983e-08	1.00406e-07	2.22238e-07	-1.06537e-07	7.94704e-08	-8.0392e-09	-8.90389e-10	2.90179e-08	-4.47164e-09	-3.12131e-08	2.16565e-08	1.55369e-08	-1.00655e-08	-9.00488e-09	-1.2628e-09	-5.62793e-09	-2.00085e-07	3.19337e-08	
-6.41029e-07	1.62178e-06	5.02331e-07	-7.30085e-08	7.30433e-11	7.94877e-09	-2.37057e-08	-3.53905e-08	1.76619e-08	1.88651e-08	-2.5949e-09	4.26744e-09	1.12583e-08	-1.12787e-08	-5.04882e-07	-3.34306e-07	1.67062e-07	2.10997e-08	1.19859e-07	2.52157e-07	-2.30215e-08	1.97339e-08	-1.86873e-08	-2.76856e-08	9.28199e-09	1.57e-08	-1.54631e-08	2.20877e-09	2.367e-09	-5.11649e-09	-1.10604e-09	4.88282e-09	2.23506e-09	-6.49812e-09	7.61724e-08	-1.54673e-06	
1.02391e-07	5.02331e-07	1.67377e-06	5.9625e-07	-1.99737e-07	2.33502e-08	6.72607e-08	-8.46152e-08	-1.29602e-08	6.24058e-08	-2.37145e-08	-2.36963e-08	2.57315e-08	-2.51426e-08	-4.651e-07	-3.23985e-07	-7.83841e-08	2.92704e-08	-1.77794e-07	2.75926e-07	1.42908e-07	-4.73565e-08	3.78047e-08	2.9216e-08	-3.03857e-08	-1.1464e-08	2.61354e-08	-8.02464e-09	-5.73301e-09	6.90287e-09	2.93984e-09	-6.72161e-09	-2.77215e-09	7.20654e-09	-3.64806e-07	-3.76208e-07	
1.05591e-07	-7.30085e-08	5.9625e-07	1.26366e-06	3.31844e-07	-1.37689e-07	-1.80282e-09	4.08068e-08	-4.47089e-08	-1.28353e-08	3.56626e-08	9.79509e-09	-1.8489e-08	1.33351e-08	-3.0157e-07	-2.82585e-07	6.87965e-08	4.23202e-08	-5.10029e-07	-3.83603e-07	1.02011e-07	-5.25288e-09	-1.70518e-08	-1.43218e-08	-7.88935e-10	7.01161e-09	1.17434e-09	-2.6374e-09	4.40272e-10	2.80829e-09	-1.65406e-09	-1.22351e-09	1.42525e-09	2.66539e-09	4.11631e-07	2.46469e-07	
-1.41346e-07	7.30433e-11	-1.99737e-07	3.31844e-07	8.16852e-07	3.11778e-07	-1.09815e-07	6.9921e-09	4.32683e-08	-5.6814e-08	-2.84095e-08	1.95094e-08	-9.21431e-09	-1.32701e-08	-1.72097e-07	-1.86497e-07	7.31577e-08	3.53098e-08	-5.23218e-08	-4.85864e-07	-4.55356e-07	8.45221e-08	-1.02515e-08	-1.10976e-08	-4.42889e-09	3.55687e-10	3.60849e-09	6.50539e-09	-6.91383e-09	-5.7522e-09	3.84415e-09	3.11062e-09	2.70126e-10	1.28005e-09	1.92587e-07	-2.39253e-07	
-4.25644e-08	7.94877e-09	2.33502e-08	-1.37689e-07	3.11778e-07	6.83253e-07	3.32239e-07	-7.01239e-08	-3.76308e-08	5.44567e-08	-1.73476e-08	-2.61407e-08	2.0065e-08	-5.66756e-09	-4.33468e-08	-1.92862e-07	-1.85871e-07	1.51192e-07	1.11586e-07	1.1779e-07	-1.40138e-07	-8.56549e-08	4.36432e-08	4.52531e-08	-2.48384e-08	-2.26456e-08	3.02786e-08	-8.3803e-09	-3.48378e-09	1.11277e-08	1.48965e-09	-9.91553e-09	-3.98325e-09	1.11685e-08	-2.8194e-07	2.9336e-07	
1.62158e-08	-2.37057e-08	6.72607e-08	-1.80282e-09	-1.09815e-07	3.32239e-07	6.81253e-07	3.98224e-07	-5.95616e-08	-5.34925e-08	5.93881e-08	1.32371e-08	-3.67312e-08	2.7646e-08	-1.20748e-08	-1.43535e-07	-2.84214e-07	-8.23964e-08	-1.24598e-07	1.94618e-07	1.97347e-07	-3.08102e-08	3.34972e-09	-2.70349e-08	3.14121e-08	2.41756e-08	-2.83228e-08	-1.14207e-08	1.97787e-08	4.06928e-09	-9.43971e-09	6.67897e-11	1.41645e-09	-1.04533e-08	-1.43879e-08	2.80678e-07	
1.39831e-08	-3.53905e-08	-8.46152e-08	4.08068e-08	6.9921e-09	-7.01239e-08	3.98224e-07	1.00542e-06	5.06733e-07	-1.55708e-07	-6.17246e-08	1.24503e-07	-5.10714e-08	-1.17437e-08	2.67188e-08	-6.70319e-08	-3.36642e-07	-4.91828e-07	-3.30181e-07	-4.34234e-07	-1.30424e-07	8.23492e-08	-2.66751e-09	-1.37404e-07	5.32341e-08	1.01904e-07	-8.63595e-08	-1.78693e-08	3.3934e-08	-9.95595e-09	-1.6342e-08	1.59542e-08	1.04944e-08	-3.82995e-08	2.07798e-07	3.75646e-09	
2.12417e-08	1.76619e-08	-1.29602e-08	-4.47089e-08	4.32683e-08	-3.76308e-08	-5.95616e-08	5.06733e-07	1.0096e-06	4.59127e-07	-1.24371e-07	-5.46508e-08	9.78044e-08	-7.92869e-08	1.39047e-07	1.80344e-07	-2.94477e-07	-3.69874e-07	-7.92972e-09	-7.11919e-07	-1.03573e-06	-6.2757e-08	8.44295e-08	1.75657e-09	-5.5677e-08	2.50403e-08	1.81705e-08	-1.99033e-08	-5.26942e-09	4.68439e-09	2.68596e-09	-3.31511e-09	4.37992e-10	-3.24856e-09	-5.39402e-08	-1.92942e-08	
2.02307e-08	1.88651e-08	6.24058e-08	-1.28353e-08	-5.6814e-08	5.44567e-08	-5.34925e-08	-1.55708e-07	4.59127e-07	9.68513e-07	5.02706e-07	-9.59228e-08	-2.79452e-08	8.01611e-08	8.61474e-09	6.18403e-08	-2.04595e-07	-3.01386e-07	2.10804e-07	3.09699e-07	-1.74436e-07	-6.60125e-08	-5.73271e-08	4.66563e-08	3.03543e-08	-4.69017e-08	8.14601e-09	1.4616e-08	-7.67551e-10	3.5136e-09	-2.86933e-10	-4.20174e-09	-3.22867e-09	1.22653e-08	-4.59302e-08	-3.30373e-09	
-3.19439e-09	-2.5949e-09	-2.37145e-08	3.56626e-08	-2.84095e-08	-1.73476e-08	5.93881e-08	-6.17246e-08	-1.24371e-07	5.02706e-07	1.03968e-06	6.06345e-07	-2.47689e-07	3.46898e-08	-5.16517e-08	-3.4141e-08	-9.44226e-08	-3.7154e-07	-8.57273e-08	1.45244e-07	3.38696e-07	1.48273e-07	-3.02747e-08	-2.06002e-07	7.08188e-08	1.3307e-07	-9.72094e-08	-2.82118e-08	4.35743e-08	-3.08459e-09	-2.35701e-08	1.40144e-08	1.39204e-08	-3.68384e-08	-4.52784e-09	2.83533e-08	
1.05844e-08	4.26744e-09	-2.36963e-08	9.79509e-09	1.95094e-08	-2.61407e-08	1.32371e-08	1.24503e-07	-5.46508e-08	-9.59228e-08	6.06345e-07	1.33021e-06	1.48626e-07	-2.48808e-07	5.77154e-08	5.47301e-08	1.48683e-07	6.69065e-08	-4.46495e-08	-1.80986e-07	-1.95476e-07	-2.25649e-07	2.96568e-07	1.57463e-07	-2.41012e-07	-3.53009e-08	1.32274e-07	-3.165e-08	-5.00702e-08	1.63358e-08	2.97137e-08	-2.27607e-08	-1.3952e-08	1.62706e-08	7.9102e-09	-6.91483e-08	
1.01587e-08	1.12583e-08	2.57315e-08	-1.8489e-08	-9.21431e-09	2.0065e-08	-3.67312e-08	-5.10714e-08	9.78044e-08	-2.79452e-08	-2.47689e-07	1.48626e-07	1.49563e-06	4.32478e-07	-2.8474e-08	1.20988e-08	-1.15676e-08	-3.24358e-07	1.28106e-07	1.94014e-07	-3.30022e-08	-7.14549e-07	-7.05061e-08	1.11699e-07	5.63083e-08	-7.35758e-08	1.13086e-09	-6.52124e-09	1.8767e-08	3.89583e-08	-2.09477e-08	-2.06697e-08	2.34627e-09	2.21145e-08	1.86735e-08	-1.39922e-08	
-2.26955e-09	-1.12787e-08	-2.51426e-08	1.33351e-08	-1.32701e-08	-5.66756e-09	2.7646e-08	-1.17437e-08	-7.92869e-08	8.01611e-08	3.46898e-08	-2.48808e-07	4.32478e-07	2.14329e-06	-3.97288e-08	-3.83425e-08	-5.04086e-08	1.4861e-08	-1.99755e-07	-1.57101e-07	2.28185e-07	1.76253e-06	-4.40668e-07	-7.74875e-07	3.87548e-07	4.05735e-07	-3.4602e-07	-4.32382e-08	1.40123e-07	-4.14704e-08	-7.2218e-08	6.28932e-08	4.45241e-08	-1.07262e-07	-3.77285e-08	9.8684e-08	
-3.84486e-07	-5.04882e-07	-4.651e-07	-3.0157e-07	-1.72097e-07	-4.33468e-08	-1.20748e-08	2.67188e-08	1.39047e-07	8.61474e-09	-5.16517e-08	5.77154e-08	-2.8474e-08	-3.97288e-08	5.15096e-06	2.36934e-06	-1.88128e-07	1.57182e-09	1.31205e-06	7.96544e-07	-3.16575e-07	3.7055e-08	1.20086e-08	-1.08849e-07	9.11443e-08	9.87976e-08	-1.25276e-07	-6.30517e-09	4.96765e-08	-2.70685e-08	-1.50595e-08	2.54311e-08	4.47078e-09	-6.27662e-08	3.69089e-07	2.09525e-06	
3.22511e-07	-3.34306e-07	-3.23985e-07	-2.82585e-07	-1.86497e-07	-1.92862e-07	-1.43535e-07	-6.70319e-08	1.80344e-07	6.18403e-08	-3.4141e-08	5.47301e-08	1.20988e-08	-3.83425e-08	2.36934e-06	3.94907e-06	1.55573e-07	-1.67514e-07	3.79799e-06	2.60185e-06	3.34948e-07	2.28846e-08	4.26825e-09	-1.53372e-07	1.01134e-07	1.31806e-07	-1.48365e-07	-1.44843e-08	5.71768e-08	-2.65717e-08	-2.13246e-08	2.93351e-08	1.02443e-08	-7.13386e-08	1.25729e-07	8.27378e-07	
-2.74051e-07	1.67062e-07	-7.83841e-08	6.87965e-08	7.31577e-08	-1.85871e-07	-2.84214e-07	-3.36642e-07	-2.94477e-07	-2.04595e-07	-9.44226e-08	1.48683e-07	-1.15676e-08	-5.04086e-08	-1.88128e-07	1.55573e-07	4.32524e-06	3.38882e-06	7.86127e-07	8.87804e-07	1.04353e-06	-7.48476e-08	1.55021e-07	-2.29735e-08	-2.59412e-08	3.19788e-08	2.53027e-08	-3.8881e-08	2.11243e-08	1.8048e-08	-5.24235e-09	-1.54241e-08	-8.56445e-09	1.51997e-09	-2.54838e-07	1.23218e-08	
-1.64151e-08	2.10997e-08	2.92704e-08	4.23202e-08	3.53098e-08	1.51192e-07	-8.23964e-08	-4.91828e-07	-3.69874e-07	-3.01386e-07	-3.7154e-07	6.69065e-08	-3.24358e-07	1.4861e-08	1.57182e-09	-1.67514e-07	3.38882e-06	8.15026e-06	-4.10533e-08	3.74283e-07	8.35585e-07	-4.09987e-07	2.31634e-07	2.09345e-08	1.19276e-07	1.21213e-07	-1.9994e-07	-6.79047e-08	1.27644e-07	-1.09178e-09	-4.11416e-08	1.05483e-08	-7.95145e-09	-1.20854e-07	2.89055e-07	-4.12868e-07	
3.72983e-08	1.19859e-07	-1.77794e-07	-5.10029e-07	-5.23218e-08	1.11586e-07	-1.24598e-07	-3.30181e-07	-7.92972e-09	2.10804e-07	-8.57273e-08	-4.46495e-08	1.28106e-07	-1.99755e-07	1.31205e-06	3.79799e-06	7.86127e-07	-4.10533e-08	7.81529e-06	8.94296e-06	3.4364e-06	1.60716e-07	9.0847e-08	-5.8024e-08	-6.74257e-08	7.21902e-08	-5.5924e-10	-1.57125e-08	-1.24992e-08	-2.02117e-08	1.12642e-08	1.28551e-08	2.66259e-09	-2.21592e-08	3.68787e-07	3.71808e-07	
1.00406e-07	2.52157e-07	2.75926e-07	-3.83603e-07	-4.85864e-07	1.1779e-07	1.94618e-07	-4.34234e-07	-7.11919e-07	3.09699e-07	1.45244e-07	-1.80986e-07	1.94014e-07	-1.57101e-07	7.96544e-07	2.60185e-06	8.87804e-07	3.74283e-07	8.94296e-06	1.68832e-05	1.36587e-05	-2.61202e-07	2.74267e-07	2.83156e-07	-3.80307e-07	-1.50814e-07	3.77432e-07	-6.62959e-08	-1.17013e-07	8.5386e-08	4.28897e-08	-8.19807e-08	-1.97076e-08	1.46761e-07	1.00585e-06	-3.37235e-07	
2.22238e-07	-2.30215e-08	1.42908e-07	1.02011e-07	-4.55356e-07	-1.40138e-07	1.97347e-07	-1.30424e-07	-1.03573e-06	-1.74436e-07	3.38696e-07	-1.95476e-07	-3.30022e-08	2.28185e-07	-3.16575e-07	3.34948e-07	1.04353e-06	8.35585e-07	3.4364e-06	1.36587e-05	1.97073e-05	-2.82686e-07	-1.05943e-07	5.51521e-07	-3.46426e-07	-4.64964e-07	5.03456e-07	6.611e-08	-2.05404e-07	8.92638e-08	7.26274e-08	-9.7358e-08	-2.95255e-08	2.51093e-07	4.20028e-07	8.5669e-08	
-1.06537e-07	1.97339e-08	-4.73565e-08	-5.25288e-09	8.45221e-08	-8.56549e-08	-3.08102e-08	8.23492e-08	-6.2757e-08	-6.60125e-08	1.48273e-07	-2.25649e-07	-7.14549e-07	1.76253e-06	3.7055e-08	2.28846e-08	-7.48476e-08	-4.09987e-07	1.60716e-07	-2.61202e-07	-2.82686e-07	8.52293e-06	3.69824e-06	-1.53143e-06	-1.99635e-07	9.66768e-07	1.62621e-07	-5.65208e-07	2.40945e-07	2.48319e-07	-1.5698e-07	-1.29996e-07	4.05304e-08	7.42876e-08	-1.28671e-07	6.92524e-08	
7.94704e-08	-1.86873e-08	3.78047e-08	-1.70518e-08	-1.02515e-08	4.36432e-08	3.34972e-09	-2.66751e-09	8.44295e-08	-5.73271e-08	-3.02747e-08	2.96568e-07	-7.05061e-08	-4.40668e-07	1.20086e-08	4.26825e-09	1.55021e-07	2.31634e-07	9.0847e-08	2.74267e-07	-1.05943e-07	3.69824e-06	1.03889e-05	6.67445e-06	-1.32153e-06	-2.29679e-06	9.15535e-07	5.69324e-07	-6.27386e-07	1.6478e-08	3.03437e-07	-1.12433e-07	-1.35597e-07	2.50712e-07	1.77744e-07	-1.39478e-07	
-8.0392e-09	-2.76856e-08	2.9216e-08	-1.43218e-08	-1.10976e-08	4.52531e-08	-2.70349e-08	-1.37404e-07	1.75657e-09	4.66563e-08	-2.06002e-07	1.57463e-07	1.11699e-07	-7.74875e-07	-1.08849e-07	-1.53372e-07	-2.29735e-08	2.09345e-08	-5.8024e-08	2.83156e-07	5.51521e-07	-1.53143e-06	6.67445e-06	1.77546e-05	1.23391e-05	-7.44317e-07	-3.11203e-06	1.27685e-06	8.95412e-07	-7.03959e-07	-3.59897e-07	5.63602e-07	8.43194e-08	-4.05529e-07	-5.52495e-10	1.67875e-07	
-8.90389e-10	9.28199e-09	-3.03857e-08	-7.88935e-10	-4.42889e-09	-2.48384e-08	3.14121e-08	5.32341e-08	-5.5677e-08	3.03543e-08	7.08188e-08	-2.41012e-07	5.63083e-08	3.87548e-07	9.11443e-08	1.01134e-07	-2.59412e-08	1.19276e-07	-6.74257e-08	-3.80307e-07	-3.46426e-07	-1.99635e-07	-1.32153e-06	1.23391e-05	2.72447e-05	1.81036e-05	-3.68734e-07	-4.33077e-06	1.40822e-06	2.02737e-06	-1.40018e-06	-6.47006e-07	9.2632e-07	2.20494e-07	-3.82779e-08	3.27021e-08	
2.90179e-08	1.57e-08	-1.1464e-08	7.01161e-09	3.55687e-10	-2.26456e-08	2.41756e-08	1.01904e-07	2.50403e-08	-4.69017e-08	1.3307e-07	-3.53009e-08	-7.35758e-08	4.05735e-07	9.87976e-08	1.31806e-07	3.19788e-08	1.21213e-07	7.21902e-08	-1.50814e-07	-4.64964e-07	9.66768e-07	-2.29679e-06	-7.44317e-07	1.81036e-05	3.18944e-05	1.85269e-05	-2.55339e-06	-3.95732e-06	2.15054e-06	1.39296e-06	-1.656e-06	-2.83586e-07	1.31629e-06	4.29522e-08	-1.57361e-07	
-4.47164e-09	-1.54631e-08	2.61354e-08	1.17434e-09	3.60849e-09	3.02786e-08	-2.83228e-08	-8.63595e-08	1.81705e-08	8.14601e-09	-9.72094e-08	1.32274e-07	1.13086e-09	-3.4602e-07	-1.25276e-07	-1.48365e-07	2.53027e-08	-1.9994e-07	-5.5924e-10	3.77432e-07	5.03456e-07	1.62621e-07	9.15535e-07	-3.11203e-06	-3.68734e-07	1.85269e-05	3.09335e-05	1.66886e-05	-2.56141e-06	-3.73312e-06	2.29448e-06	1.14947e-06	-1.47765e-06	-3.14221e-07	2.35602e-08	2.77354e-08	
-3.12131e-08	2.20877e-09	-8.02464e-09	-2.6374e-09	6.50539e-09	-8.3803e-09	-1.14207e-08	-1.78693e-08	-1.99033e-08	1.4616e-08	-2.82118e-08	-3.165e-08	-6.52124e-09	-4.32382e-08	-6.30517e-09	-1.44843e-08	-3.8881e-08	-6.79047e-08	-1.57125e-08	-6.62959e-08	6.611e-08	-5.65208e-07	5.69324e-07	1.27685e-06	-4.33077e-06	-2.55339e-06	1.66886e-05	3.03273e-05	1.6756e-05	-1.84496e-06	-3.91521e-06	2.15233e-06	1.21882e-06	-1.55929e-06	-6.4045e-08	9.2243e-08	
2.16565e-08	2.367e-09	-5.73301e-09	4.40272e-10	-6.91383e-09	-3.48378e-09	1.97787e-08	3.3934e-08	-5.26942e-09	-7.67551e-10	4.35743e-08	-5.00702e-08	1.8767e-08	1.40123e-07	4.96765e-08	5.71768e-08	2.11243e-08	1.27644e-07	-1.24992e-08	-1.17013e-07	-2.05404e-07	2.40945e-07	-6.27386e-07	8.95412e-07	1.40822e-06	-3.95732e-06	-2.56141e-06	1.6756e-05	3.1295e-05	1.73865e-05	-2.11605e-06	-3.94597e-06	1.98845e-06	1.51528e-06	2.58188e-08	-4.82711e-08	
1.55369e-08	-5.11649e-09	6.90287e-09	2.80829e-09	-5.7522e-09	1.11277e-08	4.06928e-09	-9.95595e-09	4.68439e-09	3.5136e-09	-3.08459e-09	1.63358e-08	3.89583e-08	-4.14704e-08	-2.70685e-08	-2.65717e-08	1.8048e-08	-1.09178e-09	-2.02117e-08	8.5386e-08	8.92638e-08	2.48319e-07	1.6478e-08	-7.03959e-07	2.02737e-06	2.15054e-06	-3.73312e-06	-1.84496e-06	1.73865e-05	3.14743e-05	1.76841e-05	-2.46203e-06	-3.46845e-06	1.99743e-06	3.44668e-08	-3.05692e-08	
-1.00655e-08	-1.10604e-09	2.93984e-09	-1.65406e-09	3.84415e-09	1.48965e-09	-9.43971e-09	-1.6342e-08	2.68596e-09	-2.86933e-10	-2.35701e-08	2.97137e-08	-2.09477e-08	-7.2218e-08	-1.50595e-08	-2.13246e-08	-5.24235e-09	-4.11416e-08	1.12642e-08	4.28897e-08	7.26274e-08	-1.5698e-07	3.03437e-07	-3.59897e-07	-1.40018e-06	1.39296e-06	2.29448e-06	-3.91521e-06	-2.11605e-06	1.76841e-05	3.15419e-05	1.75444e-05	-2.68113e-06	-3.68677e-06	-1.33091e-08	2.45691e-08	
-9.00488e-09	4.88282e-09	-6.72161e-09	-1.22351e-09	3.11062e-09	-9.91553e-09	6.67897e-11	1.59542e-08	-3.31511e-09	-4.20174e-09	1.40144e-08	-2.27607e-08	-2.06697e-08	6.28932e-08	2.54311e-08	2.93351e-08	-1.54241e-08	1.05483e-08	1.28551e-08	-8.19807e-08	-9.7358e-08	-1.29996e-07	-1.12433e-07	5.63602e-07	-6.47006e-07	-1.656e-06	1.14947e-06	2.15233e-06	-3.94597e-06	-2.46203e-06	1.75444e-05	3.20341e-05	1.68134e-05	-2.15224e-06	-2.18902e-08	1.26742e-08	
-1.2628e-09	2.23506e-09	-2.77215e-09	1.42525e-09	2.70126e-10	-3.98325e-09	1.41645e-09	1.04944e-08	4.37992e-10	-3.22867e-09	1.39204e-08	-1.3952e-08	2.34627e-09	4.45241e-08	4.47078e-09	1.02443e-08	-8.56445e-09	-7.95145e-09	2.66259e-09	-1.97076e-08	-2.95255e-08	4.05304e-08	-1.35597e-07	8.43194e-08	9.2632e-07	-2.83586e-07	-1.47765e-06	1.21882e-06	1.98845e-06	-3.46845e-06	-2.68113e-06	1.68134e-05	3.30688e-05	1.52462e-05	-2.87376e-09	-6.37902e-09	
-5.62793e-09	-6.49812e-09	7.20654e-09	2.66539e-09	1.28005e-09	1.11685e-08	-1.04533e-08	-3.82995e-08	-3.24856e-09	1.22653e-08	-3.68384e-08	1.62706e-08	2.21145e-08	-1.07262e-07	-6.27662e-08	-7.13386e-08	1.51997e-09	-1.20854e-07	-2.21592e-08	1.46761e-07	2.51093e-07	7.42876e-08	2.50712e-07	-4.05529e-07	2.20494e-07	1.31629e-06	-3.14221e-07	-1.55929e-06	1.51528e-06	1.99743e-06	-3.68677e-06	-2.15224e-06	1.52462e-05	3.88061e-05	1.57505e-12	2.7575e-08	
-2.00085e-07	7.61724e-08	-3.64806e-07	4.11631e-07	1.92587e-07	-2.8194e-07	-1.43879e-08	2.07798e-07	-5.39402e-08	-4.59302e-08	-4.52784e-09	7.9102e-09	1.86735e-08	-3.77285e-08	3.69089e-07	1.25729e-07	-2.54838e-07	2.89055e-07	3.68787e-07	1.00585e-06	4.20028e-07	-1.28671e-07	1.77744e-07	-5.52495e-10	-3.82779e-08	4.29522e-08	2.35602e-08	-6.4045e-08	2.58188e-08	3.44668e-08	-1.33091e-08	-2.18902e-08	-2.87376e-09	1.57506e-12	8.79636e-06	2.21276e-06	
3.19337e-08	-1.54673e-06	-3.76208e-07	2.46469e-07	-2.39253e-07	2.9336e-07	2.80678e-07	3.75646e-09	-1.92942e-08	-3.30373e-09	2.83533e-08	-6.91483e-08	-1.39922e-08	9.8684e-08	2.09525e-06	8.27378e-07	1.23218e-08	-4.12868e-07	3.71808e-07	-3.37235e-07	8.5669e-08	6.92524e-08	-1.39478e-07	1.67875e-07	3.27021e-08	-1.57361e-07	2.77354e-08	9.2243e-08	-4.82711e-08	-3.05692e-08	2.45691e-08	1.26742e-08	-6.37902e-09	2.7575e-08	2.21276e-06	3.12638e-05	
