36	
36	
0.314631	0.288477	0.217572	0.136185	0.0755051	0.0389889	0.0172588	0.00663823	0.0021131	0.000555397	0.000123708	2.34306e-05	3.81375e-06	5.21601e-07	0.235453	0.157361	0.00233481	0.000652506	0.0908787	0.045777	0.0194576	6.16395e-08	6.07256e-09	5.09058e-10	3.56876e-11	2.13535e-12	1.1016e-13	4.96132e-15	1.94697e-16	6.46015e-18	1.82785e-19	4.41237e-21	8.96678e-23	1.54975e-24	0.0793346	0.153249	
0.288477	0.314631	0.285192	0.214087	0.139078	0.0817481	0.0409656	0.0175549	0.00623854	0.00186271	0.000473993	0.000102757	1.95697e-05	3.05864e-06	0.286628	0.228498	0.00730495	0.00232402	0.153109	0.0871049	0.041683	4.11601e-07	4.79029e-08	4.79047e-09	3.98578e-10	2.80581e-11	1.68902e-12	8.76618e-14	3.92929e-15	1.48779e-16	4.79021e-18	1.31496e-19	3.04024e-21	5.94809e-23	0.144481	0.226112	
0.217572	0.285192	0.314631	0.285782	0.21757	0.145116	0.0819482	0.0388087	0.0152798	0.00516362	0.00149758	0.000370891	8.2921e-05	1.47748e-05	0.287755	0.27572	0.0193432	0.00698346	0.214612	0.137209	0.0735033	2.25744e-06	3.11965e-07	3.75033e-08	3.72717e-09	3.10054e-10	2.18342e-11	1.30544e-12	6.66771e-14	2.87343e-15	1.04929e-16	3.26444e-18	8.55819e-20	1.8869e-21	0.227355	0.28662	
0.136185	0.214087	0.285782	0.314631	0.285613	0.220753	0.143805	0.0774789	0.0347641	0.0135916	0.00458256	0.0013215	0.000350534	7.26354e-05	0.246138	0.284535	0.045931	0.019218	0.260925	0.192024	0.118083	1.28635e-05	2.12747e-06	3.08584e-07	3.68406e-08	3.65393e-09	3.04622e-10	2.13317e-11	1.26633e-12	6.33814e-14	2.68157e-15	9.65966e-17	2.93357e-18	7.45993e-20	0.289231	0.290361	
0.0755051	0.139078	0.21757	0.285613	0.314631	0.289863	0.225274	0.144695	0.0773855	0.0360805	0.0145054	0.00498763	0.00157622	0.000389681	0.190647	0.262786	0.0987482	0.0492588	0.28739	0.252164	0.184832	8.22163e-05	1.62344e-05	2.80763e-06	3.99735e-07	4.72771e-08	4.6996e-09	3.92432e-10	2.77711e-11	1.6576e-12	8.36295e-14	3.5914e-15	1.30066e-16	3.94381e-18	0.286739	0.229191	
0.0389889	0.0817481	0.145116	0.220753	0.289863	0.314631	0.288914	0.220213	0.139639	0.0768016	0.0363508	0.0147056	0.00542367	0.00157955	0.132918	0.212688	0.167858	0.0986751	0.272516	0.282525	0.244865	0.000392355	9.03577e-05	1.81388e-05	3.00339e-06	4.14244e-07	4.8145e-08	4.71998e-09	3.93145e-10	2.76404e-11	1.64403e-12	8.32248e-14	3.55373e-15	1.27237e-16	0.234284	0.153465	
0.0172588	0.0409656	0.0819482	0.143805	0.225274	0.288914	0.314631	0.286265	0.216432	0.140868	0.078681	0.0375276	0.0161346	0.00554863	0.0794539	0.147036	0.242056	0.168162	0.220768	0.271505	0.279469	0.00162707	0.000436042	0.00010122	1.94323e-05	3.11997e-06	4.2369e-07	4.8822e-08	4.79775e-09	3.98322e-10	2.80132e-11	1.67665e-12	8.46623e-14	3.59243e-15	0.159696	0.0859278	
0.00663823	0.0175549	0.0388087	0.0774789	0.144695	0.220213	0.286265	0.314631	0.286802	0.222053	0.146825	0.0827703	0.0412588	0.0168087	0.0410767	0.0868674	0.289548	0.238768	0.152499	0.224076	0.276182	0.00584237	0.00180709	0.000479281	0.000105606	1.95978e-05	3.09639e-06	4.19432e-07	4.87828e-08	4.79989e-09	4.00965e-10	2.85087e-11	1.71026e-12	8.65567e-14	0.0876647	0.0391063	
0.0021131	0.00623854	0.0152798	0.0347641	0.0773855	0.139639	0.216432	0.286802	0.314631	0.289488	0.226443	0.150789	0.0871905	0.0420503	0.0175784	0.0425419	0.287972	0.281627	0.0873281	0.153116	0.225661	0.0173103	0.00618526	0.00187701	0.00047525	0.000102013	1.8759e-05	2.98631e-06	4.10793e-07	4.78658e-08	4.74526e-09	4.00428e-10	2.85138e-11	1.71923e-12	0.0402224	0.014861	
0.000555397	0.00186271	0.00516362	0.0135916	0.0360805	0.0768016	0.140868	0.222053	0.289488	0.314631	0.290047	0.227451	0.153441	0.0872664	0.00624	0.0175076	0.248391	0.28662	0.0421144	0.0873925	0.152574	0.0423439	0.0176331	0.00620288	0.00182458	0.000456469	9.81285e-05	1.83507e-05	2.97424e-06	4.08664e-07	4.78229e-08	4.76318e-09	4.00416e-10	2.85523e-11	0.0165591	0.00501762	
0.000123708	0.000473993	0.00149758	0.00458256	0.0145054	0.0363508	0.078681	0.146825	0.226443	0.290047	0.314631	0.290181	0.228773	0.15319	0.00187913	0.00613754	0.184232	0.25033	0.0173088	0.0423806	0.087348	0.0874515	0.0425567	0.0174256	0.00597539	0.00174635	0.000439421	9.64915e-05	1.83983e-05	2.97586e-06	4.10219e-07	4.81224e-08	4.76575e-09	4.00788e-10	0.00593685	0.00147096	
2.34306e-05	0.000102757	0.000370891	0.0013215	0.00498763	0.0147056	0.0375276	0.0827703	0.150789	0.227451	0.290181	0.314631	0.290043	0.228553	0.000481374	0.00183279	0.116766	0.186705	0.00606075	0.0174923	0.0425129	0.153409	0.0873187	0.0416755	0.016679	0.00569885	0.00167913	0.0004329	9.70555e-05	1.84696e-05	2.99708e-06	4.13806e-07	4.82448e-08	4.78074e-09	0.00182646	0.000369657	
3.81375e-06	1.95697e-05	8.2921e-05	0.000350534	0.00157622	0.00542367	0.0161346	0.0412588	0.0871905	0.153441	0.228773	0.290043	0.314631	0.289876	0.000106357	0.000479634	0.0672118	0.125442	0.0018627	0.00625983	0.0176945	0.227023	0.15272	0.0863343	0.0408645	0.0164678	0.00570778	0.00172441	0.000451702	0.000100427	1.90222e-05	3.0645e-06	4.17027e-07	4.81552e-08	0.000537077	8.77849e-05	
5.21601e-07	3.05864e-06	1.47748e-05	7.26354e-05	0.000389681	0.00157955	0.00554863	0.0168087	0.0420503	0.0872664	0.15319	0.228553	0.289876	0.314631	1.96859e-05	0.000103387	0.0307207	0.0675563	0.000470968	0.00186872	0.00623996	0.290075	0.228135	0.150176	0.0829	0.0390442	0.0158477	0.00562507	0.00173444	0.000454215	0.000101407	1.9253e-05	3.08841e-06	4.20863e-07	0.000118333	1.58058e-05	
0.235453	0.286628	0.287755	0.246138	0.190647	0.132918	0.0794539	0.0410767	0.0175784	0.00624	0.00187913	0.000481374	0.000106357	1.96859e-05	0.314631	0.287019	0.0186431	0.00703697	0.224931	0.152771	0.0874615	3.13874e-06	4.22007e-07	4.82842e-08	4.61623e-09	3.75906e-10	2.63407e-11	1.60711e-12	8.52301e-14	3.82319e-15	1.46142e-16	4.76332e-18	1.30776e-19	3.04959e-21	0.169753	0.220014	
0.157361	0.228498	0.27572	0.284535	0.262786	0.212688	0.147036	0.0868674	0.0425419	0.0175076	0.00613754	0.00183279	0.000479634	0.000103387	0.287019	0.314631	0.0465869	0.0204159	0.290334	0.227618	0.150056	1.91384e-05	3.07137e-06	4.22305e-07	4.83391e-08	4.68253e-09	3.87955e-10	2.77315e-11	1.71164e-12	8.9309e-14	3.96265e-15	1.49834e-16	4.77432e-18	1.28731e-19	0.224655	0.232552	
0.00233481	0.00730495	0.0193432	0.045931	0.0987482	0.167858	0.242056	0.289548	0.287972	0.248391	0.184232	0.116766	0.0672118	0.0307207	0.0186431	0.0465869	0.314631	0.289801	0.0934641	0.151939	0.206408	0.0119337	0.00430964	0.00135083	0.000349565	7.53891e-05	1.37066e-05	2.10454e-06	2.74517e-07	3.02563e-08	2.8216e-09	2.23798e-10	1.49844e-11	8.41311e-13	0.0606517	0.0222709	
0.000652506	0.00232402	0.00698346	0.019218	0.0492588	0.0986751	0.168162	0.238768	0.281627	0.28662	0.25033	0.186705	0.125442	0.0675563	0.00703697	0.0204159	0.289801	0.314631	0.0479963	0.0922111	0.148156	0.0309029	0.0130177	0.00473679	0.00142574	0.000358634	7.62477e-05	1.37475e-05	2.1111e-06	2.74128e-07	3.01448e-08	2.81906e-09	2.22594e-10	1.47606e-11	0.0268256	0.00807081	
0.0908787	0.153109	0.214612	0.260925	0.28739	0.272516	0.220768	0.152499	0.0873281	0.0421144	0.0173088	0.00606075	0.0018627	0.000470968	0.224931	0.290334	0.0934641	0.0479963	0.314631	0.288827	0.222836	0.000102104	1.9296e-05	3.12396e-06	4.2089e-07	4.79435e-08	4.6668e-09	3.91452e-10	2.83195e-11	1.73233e-12	9.00836e-14	3.99085e-15	1.49037e-16	4.70681e-18	0.224909	0.188747	
0.045777	0.0871049	0.137209	0.192024	0.252164	0.282525	0.271505	0.224076	0.153116	0.0873925	0.0423806	0.0174923	0.00625983	0.00186872	0.152771	0.227618	0.151939	0.0922111	0.288827	0.314631	0.288426	0.000478258	0.000105022	1.96235e-05	3.06022e-06	4.0524e-07	4.60434e-08	4.53725e-09	3.87215e-10	2.79685e-11	1.71972e-12	9.00823e-14	3.97836e-15	1.48941e-16	0.172606	0.119195	
0.0194576	0.041683	0.0735033	0.118083	0.184832	0.244865	0.279469	0.276182	0.225661	0.152574	0.087348	0.0425129	0.0176945	0.00623996	0.0874615	0.150056	0.206408	0.148156	0.222836	0.288426	0.314631	0.00188654	0.000480556	0.000103382	1.86226e-05	2.86258e-06	3.79297e-07	4.39076e-08	4.42259e-09	3.7742e-10	2.74621e-11	1.70228e-12	8.8978e-14	3.95333e-15	0.110112	0.0626899	
6.16395e-08	4.11601e-07	2.25744e-06	1.28635e-05	8.22163e-05	0.000392355	0.00162707	0.00584237	0.0173103	0.0423439	0.0874515	0.153409	0.227023	0.290075	3.13874e-06	1.91384e-05	0.0119337	0.0309029	0.000102104	0.000478258	0.00188654	0.314631	0.288575	0.22053	0.141581	0.0777532	0.0368885	0.0153643	0.00557231	0.00171766	0.000451755	0.000101028	1.90933e-05	3.06969e-06	2.21794e-05	2.42823e-06	
6.07256e-09	4.79029e-08	3.11965e-07	2.12747e-06	1.62344e-05	9.03577e-05	0.000436042	0.00180709	0.00618526	0.0176331	0.0425567	0.0873187	0.15272	0.228135	4.22007e-07	3.07137e-06	0.00430964	0.0130177	1.9296e-05	0.000105022	0.000480556	0.288575	0.314631	0.287	0.219402	0.142854	0.0800267	0.0391183	0.0165753	0.00596778	0.00183068	0.000477292	0.000105202	1.96761e-05	4.12556e-06	3.62304e-07	
5.09058e-10	4.79047e-09	3.75033e-08	3.08584e-07	2.80763e-06	1.81388e-05	0.00010122	0.000479281	0.00187701	0.00620288	0.0174256	0.0416755	0.0863343	0.150176	4.82842e-08	4.22305e-07	0.00135083	0.00473679	3.12396e-06	1.96235e-05	0.000103382	0.22053	0.287	0.314631	0.287985	0.223058	0.147743	0.0846052	0.0417187	0.0174699	0.0062199	0.00188104	0.000481142	0.000104038	6.85243e-07	4.80616e-08	
3.56876e-11	3.98578e-10	3.72717e-09	3.68406e-08	3.99735e-07	3.00339e-06	1.94323e-05	0.000105606	0.00047525	0.00182458	0.00597539	0.016679	0.0408645	0.0829	4.61623e-09	4.83391e-08	0.000349565	0.00142574	4.2089e-07	3.06022e-06	1.86226e-05	0.141581	0.219402	0.287985	0.314631	0.289304	0.226322	0.151903	0.0872987	0.0425887	0.0176339	0.00619867	0.00184369	0.000462113	9.28401e-08	5.21443e-09	
2.13535e-12	2.80581e-11	3.10054e-10	3.65393e-09	4.72771e-08	4.14244e-07	3.11997e-06	1.95978e-05	0.000102013	0.000456469	0.00174635	0.00569885	0.0164678	0.0390442	3.75906e-10	4.68253e-09	7.53891e-05	0.000358634	4.79435e-08	4.0524e-07	2.86258e-06	0.0777532	0.142854	0.223058	0.289304	0.314631	0.290099	0.228295	0.153233	0.0872929	0.0421547	0.0172751	0.00599233	0.0017478	1.02956e-08	4.65301e-10	
1.1016e-13	1.68902e-12	2.18342e-11	3.04622e-10	4.6996e-09	4.8145e-08	4.2369e-07	3.09639e-06	1.8759e-05	9.81285e-05	0.000439421	0.00167913	0.00570778	0.0158477	2.63407e-11	3.87955e-10	1.37066e-05	7.62477e-05	4.6668e-09	4.60434e-08	3.79297e-07	0.0368885	0.0800267	0.147743	0.226322	0.290099	0.314631	0.290411	0.228104	0.152071	0.085882	0.0411443	0.0166902	0.00568571	9.46383e-10	3.45723e-11	
4.96132e-15	8.76618e-14	1.30544e-12	2.13317e-11	3.92432e-10	4.71998e-09	4.8822e-08	4.19432e-07	2.98631e-06	1.83507e-05	9.64915e-05	0.0004329	0.00172441	0.00562507	1.60711e-12	2.77315e-11	2.10454e-06	1.37475e-05	3.91452e-10	4.53725e-09	4.39076e-08	0.0153643	0.0391183	0.0846052	0.151903	0.228295	0.290411	0.314631	0.290115	0.227148	0.150674	0.0847652	0.0403888	0.0161635	7.15216e-11	2.12624e-12	
1.94697e-16	3.92929e-15	6.66771e-14	1.26633e-12	2.77711e-11	3.93145e-10	4.79775e-09	4.87828e-08	4.10793e-07	2.97424e-06	1.83983e-05	9.70555e-05	0.000451702	0.00173444	8.52301e-14	1.71164e-12	2.74517e-07	2.1111e-06	2.83195e-11	3.87215e-10	4.42259e-09	0.00557231	0.0165753	0.0417187	0.0872987	0.153233	0.228104	0.290115	0.314631	0.289923	0.226486	0.150034	0.0841975	0.0397307	4.5143e-12	1.09769e-13	
6.46015e-18	1.48779e-16	2.87343e-15	6.33814e-14	1.6576e-12	2.76404e-11	3.98322e-10	4.79989e-09	4.78658e-08	4.08664e-07	2.97586e-06	1.84696e-05	0.000100427	0.000454215	3.82319e-15	8.9309e-14	3.02563e-08	2.74128e-07	1.73233e-12	2.79685e-11	3.7742e-10	0.00171766	0.00596778	0.0174699	0.0425887	0.0872929	0.152071	0.227148	0.289923	0.314631	0.289682	0.226137	0.149582	0.0833012	2.39774e-13	4.76984e-15	
1.82785e-19	4.79021e-18	1.04929e-16	2.68157e-15	8.36295e-14	1.64403e-12	2.80132e-11	4.00965e-10	4.74526e-09	4.78229e-08	4.10219e-07	2.99708e-06	1.90222e-05	0.000101407	1.46142e-16	3.96265e-15	2.8216e-09	3.01448e-08	9.00836e-14	1.71972e-12	2.74621e-11	0.000451755	0.00183068	0.0062199	0.0176339	0.0421547	0.085882	0.150674	0.226486	0.289682	0.314631	0.289712	0.22609	0.148778	1.07136e-14	1.74635e-16	
4.41237e-21	1.31496e-19	3.26444e-18	9.65966e-17	3.5914e-15	8.32248e-14	1.67665e-12	2.85087e-11	4.00428e-10	4.76318e-09	4.81224e-08	4.13806e-07	3.0645e-06	1.9253e-05	4.76332e-18	1.49834e-16	2.23798e-10	2.81906e-09	3.99085e-15	9.00823e-14	1.70228e-12	0.000101028	0.000477292	0.00188104	0.00619867	0.0172751	0.0411443	0.0847652	0.150034	0.226137	0.289712	0.314631	0.289652	0.225214	4.07229e-16	5.4422e-18	
8.96678e-23	3.04024e-21	8.55819e-20	2.93357e-18	1.30066e-16	3.55373e-15	8.46623e-14	1.71026e-12	2.85138e-11	4.00416e-10	4.76575e-09	4.82448e-08	4.17027e-07	3.08841e-06	1.30776e-19	4.77432e-18	1.49844e-11	2.22594e-10	1.49037e-16	3.97836e-15	8.8978e-14	1.90933e-05	0.000105202	0.000481142	0.00184369	0.00599233	0.0166902	0.0403888	0.0841975	0.149582	0.22609	0.289652	0.314631	0.28911	1.30564e-17	1.42984e-19	
1.54975e-24	5.94809e-23	1.8869e-21	7.45993e-20	3.94381e-18	1.27237e-16	3.59243e-15	8.65567e-14	1.71923e-12	2.85523e-11	4.00788e-10	4.78074e-09	4.81552e-08	4.20863e-07	3.04959e-21	1.28731e-19	8.41311e-13	1.47606e-11	4.70681e-18	1.48941e-16	3.95333e-15	3.06969e-06	1.96761e-05	0.000104038	0.000462113	0.0017478	0.00568571	0.0161635	0.0397307	0.0833012	0.148778	0.225214	0.28911	0.314631	3.47555e-19	3.12788e-21	
0.0793346	0.144481	0.227355	0.289231	0.286739	0.234284	0.159696	0.0876647	0.0402224	0.0165591	0.00593685	0.00182646	0.000537077	0.000118333	0.169753	0.224655	0.0606517	0.0268256	0.224909	0.172606	0.110112	2.21794e-05	4.12556e-06	6.85243e-07	9.28401e-08	1.02956e-08	9.46383e-10	7.15216e-11	4.5143e-12	2.39774e-13	1.07136e-14	4.07229e-16	1.30564e-17	3.47555e-19	0.314631	0.27333	
0.153249	0.226112	0.28662	0.290361	0.229191	0.153465	0.0859278	0.0391063	0.014861	0.00501762	0.00147096	0.000369657	8.77849e-05	1.58058e-05	0.220014	0.232552	0.0222709	0.00807081	0.188747	0.119195	0.0626899	2.42823e-06	3.62304e-07	4.80616e-08	5.21443e-09	4.65301e-10	3.45723e-11	2.12624e-12	1.09769e-13	4.76984e-15	1.74635e-16	5.4422e-18	1.42984e-19	3.12788e-21	0.27333	0.314631	
