13	
13	
0.00743485	0.00648374	0.00443168	0.00430811	0.00476804	0.00655479	0.0053957	0.00360333	0.00302347	0.00239858	0.0043704	0.00252864	0.00459147	
0.00648374	0.00743485	0.00654775	0.00582031	0.00509904	0.00581802	0.00618959	0.00458683	0.00317057	0.00458411	0.00375601	0.00448079	0.00356654	
0.00443168	0.00654775	0.00743485	0.00650241	0.00472826	0.00418028	0.00563372	0.00489133	0.00294442	0.00655449	0.0029237	0.00638006	0.00247454	
0.00430811	0.00582031	0.00650241	0.00743485	0.00653864	0.00474298	0.00593047	0.00623377	0.00468496	0.00508715	0.00464496	0.00648738	0.00394926	
0.00476804	0.00509904	0.00472826	0.00653864	0.00743485	0.0057008	0.00578868	0.0062075	0.00597153	0.0029085	0.00646604	0.00446954	0.00606591	
0.00655479	0.00581802	0.00418028	0.00474298	0.0057008	0.00743485	0.00654597	0.00517258	0.00495958	0.00218795	0.00482531	0.00280038	0.00587569	
0.0053957	0.00618959	0.00563372	0.00593047	0.00578868	0.00654597	0.00743485	0.00655234	0.00533557	0.00371708	0.003866	0.00452078	0.00451564	
0.00360333	0.00458683	0.00489133	0.00623377	0.0062075	0.00517258	0.00655234	0.00743485	0.00655012	0.00343588	0.00403279	0.00513051	0.00446812	
0.00302347	0.00317057	0.00294442	0.00468496	0.00597153	0.00495958	0.00533557	0.00655012	0.00743485	0.00167162	0.00459372	0.00312867	0.00562684	
0.00239858	0.00458411	0.00655449	0.00508715	0.0029085	0.00218795	0.00371708	0.00343588	0.00167162	0.00743485	0.00147975	0.00645964	0.0011077	
0.0043704	0.00375601	0.0029237	0.00464496	0.00646604	0.00482531	0.003866	0.00403279	0.00459372	0.00147975	0.00743485	0.00252114	0.00655978	
0.00252864	0.00448079	0.00638006	0.00648738	0.00446954	0.00280038	0.00452078	0.00513051	0.00312867	0.00645964	0.00252114	0.00743485	0.00196398	
0.00459147	0.00356654	0.00247454	0.00394926	0.00606591	0.00587569	0.00451564	0.00446812	0.00562684	0.0011077	0.00655978	0.00196398	0.00743485	
