13	
13	
7.45267e-08	-9.73536e-09	3.22644e-10	-1.75325e-09	-3.67348e-09	-5.06609e-08	-2.13759e-08	1.7526e-08	7.60585e-09	-6.15836e-09	7.00901e-08	-6.26843e-09	-1.735e-09	
-9.73536e-09	3.39184e-08	4.26446e-09	-1.24831e-09	-3.47108e-10	-1.44837e-08	-9.55237e-09	2.96391e-09	1.61321e-08	-2.93827e-10	2.99852e-08	8.33398e-09	-8.7155e-09	
3.22644e-10	4.26446e-09	3.24519e-08	-3.11815e-10	-2.05843e-09	-7.87334e-09	-4.14244e-08	-8.04094e-09	-2.78969e-09	1.9107e-08	-1.27457e-07	-3.25231e-09	-1.20248e-08	
-1.75325e-09	-1.24831e-09	-3.11815e-10	2.78051e-08	3.60674e-09	2.31403e-08	-5.41443e-08	-4.46687e-08	1.30806e-08	1.63586e-08	-6.42458e-07	-7.98874e-09	3.31352e-08	
-3.67348e-09	-3.47108e-10	-2.05843e-09	3.60674e-09	2.62993e-08	2.42537e-08	2.56005e-08	-3.67504e-09	-8.09099e-08	4.77629e-09	2.04564e-07	-1.14648e-08	-2.59154e-10	
-5.06609e-08	-1.44837e-08	-7.87334e-09	2.31403e-08	2.42537e-08	9.00903e-07	1.39784e-07	-1.23741e-07	9.56964e-08	6.58564e-08	-1.78714e-06	5.01237e-08	5.68957e-08	
-2.13759e-08	-9.55237e-09	-4.14244e-08	-5.41443e-08	2.56005e-08	1.39784e-07	1.61879e-06	7.06367e-07	7.84756e-09	-4.04344e-07	6.2529e-06	-6.98002e-08	-1.93029e-07	
1.7526e-08	2.96391e-09	-8.04094e-09	-4.46687e-08	-3.67504e-09	-1.23741e-07	7.06367e-07	1.30795e-06	3.69e-07	-2.08298e-07	4.2867e-06	7.14859e-08	1.49905e-07	
7.60585e-09	1.61321e-08	-2.78969e-09	1.30806e-08	-8.09099e-08	9.56964e-08	7.84756e-09	3.69e-07	1.26344e-06	6.91968e-08	-2.04222e-06	-9.41725e-08	-2.3128e-07	
-6.15836e-09	-2.93827e-10	1.9107e-08	1.63586e-08	4.77629e-09	6.58564e-08	-4.04344e-07	-2.08298e-07	6.91968e-08	8.51695e-07	-3.97866e-06	1.54367e-08	1.05485e-07	
7.00901e-08	2.99852e-08	-1.27457e-07	-6.42458e-07	2.04564e-07	-1.78714e-06	6.2529e-06	4.2867e-06	-2.04222e-06	-3.97866e-06	6.24257e-05	-1.34724e-07	1.63857e-09	
-6.26843e-09	8.33398e-09	-3.25231e-09	-7.98874e-09	-1.14648e-08	5.01237e-08	-6.98002e-08	7.14859e-08	-9.41725e-08	1.54367e-08	-1.34724e-07	5.41069e-07	-1.18457e-07	
-1.735e-09	-8.7155e-09	-1.20248e-08	3.31352e-08	-2.59154e-10	5.68957e-08	-1.93029e-07	1.49905e-07	-2.3128e-07	1.05485e-07	1.63857e-09	-1.18457e-07	2.35969e-06	
